# application = nemoa 0.4.209
# type = base.Dataset
# name = sinus

	i1	i2	i3	i4	o1	o2
r1	-0.6390942503	-1.8280520900	-1.8354511906	0.8610194730	-1.3827858447	-1.0683055963
r2	-2.1507873660	-0.4501233393	0.5004100785	-0.7583384377	1.0972261812	1.7894662184
r3	0.2012686650	-0.4896643949	-0.7812200405	0.9645733755	0.6033202259	0.0140394274
r4	-0.2934947027	0.8004113727	-0.5901542889	-0.3145220013	-0.9784652582	1.3288609898
r5	1.7562806354	-0.4885158815	0.0656583482	-1.4892630198	-1.2657132243	1.1925057144
r6	-2.8248708891	1.1878444569	-1.6823717062	-0.9384026469	-0.9685185457	0.3619713412
r7	1.6590016115	0.5288188756	-0.5109643399	-1.1163796522	-1.0933255105	0.2010758967
r8	-1.5136747125	0.6498025384	0.5144949024	-1.1100806000	0.8738976885	-1.9179516346
r9	-0.1945555101	-0.7514873644	-0.9712813917	0.5462453296	-0.7096051910	2.4928224476
r10	1.0084330515	2.7471838931	-0.1711544474	-1.2637505736	0.9095680837	-0.8550705971
r11	0.2429717447	1.4236692512	0.8545485116	0.9389296313	0.7304040076	-0.3826699037
r12	-0.4734630624	1.2279614235	-1.3160712762	0.2741641817	-1.3071547502	0.0201153355
r13	1.3361508580	-0.4149901635	0.4758374662	0.8232776080	-0.1451117387	-0.9622270259
r14	0.2705841582	-1.3319675529	-0.1993533520	-0.3760769943	0.8103938892	2.1858954808
r15	-1.7464201185	-0.3654414126	-1.5875327495	2.4547930143	1.3312133663	-0.2328877591
r16	0.9985761900	-1.4611357396	1.5587976258	-0.3669578380	0.9353366104	0.4941766272
r17	-0.3707862697	-0.4421138949	-1.1630539533	0.1961014322	-1.1481002605	1.2035121442
r18	1.4313089504	-0.7352657253	1.0614911067	-0.5822517013	-0.4648797125	-0.0102154468
r19	-0.8851453517	-0.7748565747	-1.1611597346	0.4125734133	-1.0745805775	0.0835918102
r20	1.2498358348	0.2692102637	-2.0308976966	0.5573977230	0.1528094928	-0.3374005852
r21	0.5783958359	0.2030742958	2.5461020961	0.0542060079	1.3777279427	1.1717129074
r22	0.5519048573	0.3329503143	-0.2131302240	0.8183713545	1.3569226495	-0.1797236007
r23	1.6557424750	-0.4063127839	-1.1216307557	-1.7324974320	-1.0863793596	-0.0187739150
r24	-0.3705224207	-1.1065232977	0.0757486534	0.3055221134	-1.1475900615	0.0637651494
r25	-0.5411556531	-0.7265225629	-0.3863574595	-1.0020399959	-1.3660714102	-0.4200684834
r26	-1.2369019474	0.6470001952	-0.4901264991	1.5061121983	-0.0153090930	-2.8641473669
r27	-0.9404223532	1.1000968341	-0.6961319223	0.7541087007	-0.9443672099	0.7180321039
r28	-0.4125771919	-0.1800885642	0.7022649020	-2.6122773775	-1.2225267911	0.0563516565
r29	0.4027476900	1.8990018258	0.4553794362	0.7850224098	1.1353217460	0.0469282141
r30	-0.6399442045	-0.8834291085	2.0908288899	0.4903991808	-1.3825717173	0.9536657768
r31	1.1920008213	0.2770298932	1.0342788894	1.3567065281	0.3495948558	0.0562770833
r32	-0.6646612665	0.8871933328	0.5189002728	-1.7366135353	-1.3736491235	0.4669263639
r33	0.0546610470	0.1588789738	0.3272542215	-0.2671222312	0.1158284009	0.0542626727
r34	-0.4416480008	-0.4043126117	-1.0208572654	-0.2905839170	-1.2665582897	0.6155363508
r35	-1.0692385015	-0.0738587041	0.7166823700	0.8725255894	-0.5764179962	-1.1123032619
r36	-0.8871266976	0.7930878160	0.1480511076	-1.2889341700	-1.0702505502	0.0183836279
r37	1.4711264976	-0.5426590482	1.4280138776	-0.2890681605	-0.5918748323	-0.5351423342
r38	-0.1941686608	0.6196485010	1.2064674141	0.3920249053	-0.7084581290	1.4842640381
r39	-0.7805988558	0.3446590439	-0.9044141895	-1.0452255705	-1.2636615355	0.5937533289
r40	2.8438450847	-0.8605877619	-0.3458496256	-0.0514489445	0.9138323076	-0.8821152284
r41	-1.9049831051	-0.1007381635	1.4200255971	-0.3433345461	1.4013713020	-0.5360165452
r42	1.2944966269	1.9417208974	0.8543734823	-0.5525584696	-0.0013796610	-1.2340259769
r43	-0.2415100407	0.5189708137	1.8662523911	1.8642321039	-0.8436180537	-0.0982248700
r44	0.4273159640	0.6103831018	-0.3409809025	-0.6844880851	1.1833686997	-0.0081255055
r45	2.0029867253	0.1218138198	0.4360034801	-0.7212923493	-1.3606268576	0.9715592465
r46	1.4162744019	-1.3063247075	1.2079950201	1.3297235930	-0.4156606932	0.9638732543
r47	1.0257442528	-1.8136618477	0.6276266963	0.4969821825	0.8630210538	-1.3202084959
r48	0.5251434414	-0.1119983876	-2.0070713951	-0.1479955484	1.3300092873	-0.1521162928
r49	-0.8803906125	1.1077849866	0.0098244592	1.6687067945	-1.0848647987	-1.0678417777
r50	2.0347389279	-0.5429159972	0.9541666314	-0.3812376120	-1.3354093373	2.0436215117
r51	-0.3560358614	-1.5459607148	0.1413672474	0.4381594493	-1.1188248947	-0.6269152755
r52	-0.2779829795	-0.1091361697	0.6556641368	-0.9746490640	-0.9398450326	0.3124932323
r53	-1.5092040935	0.2901807058	0.1877753162	0.1999065090	0.8617116283	-1.4380599777
r54	0.8925670435	0.2149286480	0.6589951115	0.9675177981	1.1746061903	-0.1729684542
r55	-0.5698724408	0.3470004090	-0.4525587010	-0.5865616603	-1.3794603247	0.4275167715
r56	-0.0541996634	-0.0665548973	-0.5776368015	1.1687957576	-0.2588520776	-0.7006267779
r57	-1.0125705856	1.2022103865	0.4037389097	0.1784411196	-0.7479542735	-0.1059239130
r58	-0.5074485799	1.0334910813	0.9945276883	-0.3769386620	-1.3414818540	0.0108864043
r59	0.6554628815	0.4853747145	-1.9963723329	1.1882626151	1.4045141979	2.6305593699
r60	-0.0813972216	0.3653329259	0.0277663698	1.0337290325	-0.3504778384	-0.4784277184
r61	-1.9951302217	0.8156325950	0.3003018714	-0.3724204204	1.3459699372	1.1083724739
r62	0.5800449576	-2.0737564261	0.0189654569	-1.3904071539	1.3788289505	-0.7646289237
r63	-0.0523592477	-0.5903632630	-0.9775858752	0.8080034007	-0.2526032500	-0.8177963963
r64	-0.7511794790	-0.1235260636	-0.0914637837	-1.5134015567	-1.3019631359	0.1667015923
r65	-0.4859503500	0.3067722077	-0.1906800449	-1.8752550987	-1.3208662451	0.8407159939
r66	0.5427589939	0.8187913773	1.9012264980	-1.5332990018	1.3483859906	0.9169067374
r67	-0.2805123632	0.3944052376	1.1347773751	1.5382294807	-0.9462397554	-0.7405576830
r68	0.2254628574	0.9340026532	1.9412751064	-0.4979265157	0.6779093326	0.0063608557
r69	-0.7200038939	0.4142643327	-0.9354184573	-1.3422228205	-1.3349458361	-0.9344177191
r70	2.1754324200	0.5107925564	0.8807286403	-1.4595545736	-1.1268311909	-0.0266472308
r71	-0.7415033566	0.8613732610	0.4157493182	0.9530553474	-1.3130473306	-2.5676155886
r72	1.5177518329	-0.4864798666	-0.6133171153	0.4890932239	-0.7330652682	-0.9300075096
r73	1.4454006753	-0.4155854228	-1.0007678122	0.4639208841	-0.5104162102	-1.1881109573
r74	-0.2944834866	-1.0280813012	0.4325964560	0.9474309411	-0.9808782013	-0.3897025772
r75	0.2384757054	1.6043545183	1.7082517333	-1.4370079733	0.7170497640	-2.4101673489
r76	1.7871701578	0.9301046230	0.2127893365	0.7683819755	-1.3053909683	0.4510091507
r77	0.4734706309	-0.1621494734	0.5254045028	-0.3860786253	1.2617359785	0.1234136619
r78	-1.1802282657	0.4479440579	-0.2771851250	1.8464774352	-0.2103827721	-0.4725980683
r79	0.0792342171	-1.3254938952	1.2769084100	0.5587500338	0.2003073420	0.4710453960
r80	0.9654613724	0.1371215061	1.7846945123	1.4698864442	1.0177746817	-1.2503864924
r81	1.0415428836	1.3900303577	-1.2596054057	-0.8271749438	0.8191674368	0.6090546866
r82	-1.0228874386	-0.0522071370	-0.0090720722	-0.7329367056	-0.7177389315	-1.1262215495
r83	-1.0469867003	0.2842763435	0.3997970338	-0.2361073387	-0.6453424597	-0.0434360225
r84	-0.8833994869	0.7706078480	-0.8950090883	-1.2108106227	-1.0783743358	-0.6955682813
r85	0.5461061036	-0.5614581712	-0.9512828452	0.2429205535	1.3515902062	-1.7474596023
r86	-1.3863995698	-0.0687082046	-1.6586878736	0.3195088091	0.4915107106	2.1841022435
r87	-0.1163295655	-0.4016450056	-0.9202037931	-0.1384703983	-0.4657089870	-1.1694184596
r88	-2.8471734528	-1.7646914287	0.8074420834	-0.5023260608	-1.0220351085	0.7552775706
r89	2.1068613284	2.7075217455	1.0966891201	-0.4290172893	-1.2475493031	0.2709384997
r90	-0.7438213698	-0.8764917470	0.0232857696	-1.1733914848	-1.3104610071	-0.3781125461
r91	0.4092503203	0.3128094073	1.2129788977	-0.1736225144	1.1484523367	0.8265659132
r92	0.9914450304	-0.7013327199	-0.4947436907	0.6212293963	0.9536357362	-1.3767916422
r93	-0.2272589922	0.1292846344	-0.3298396263	1.7375841675	-0.8040826499	-0.0293378299
r94	1.1762359342	0.2098274005	-0.6964404596	-1.6511553768	0.4021911701	-0.4178694899
r95	1.7446071293	0.3174280228	0.8111305424	-0.3630229565	-1.2487606248	-0.8150198717
r96	-0.5759614802	0.2105219181	-1.8386968762	-1.2400126432	-1.3813976670	-1.6917178898
r97	-0.4571645163	0.4035932617	-0.8248615295	-3.0795084812	-1.2873644589	-1.3404407941
r98	-0.4069684620	-1.6750130986	-0.2029159678	-1.2800100248	-1.2132887314	0.4237448499
r99	0.6039078132	0.6221980636	-0.1249434750	1.1730617519	1.3921915571	0.1146179597
r100	-0.8692155396	-1.2297975132	0.8756805999	-0.7380960854	-1.1084353684	-0.5499793894
r101	-1.6469653572	-0.6469557780	0.8914243807	1.2042800035	1.1823529610	-0.0374723337
r102	-0.3720104162	0.0311259119	-0.9004933081	-2.5816373997	-1.1504608889	0.0582416374
r103	-1.3156419454	0.7883110270	0.7020575161	0.0597717453	0.2556839671	0.3563415612
r104	-0.4385242872	-0.4928686153	-0.5090216105	0.5381736218	-1.2621406018	-0.6585337672
r105	1.0699786944	-0.5117011517	-0.4109797702	-1.4072997533	0.7371536033	0.8060135989
r106	1.1030261004	0.8386526872	-0.6666516611	-1.1571081945	0.6373270764	1.1694244728
r107	-0.3568489335	-0.1991323533	-0.0298222975	1.6080050275	-1.1204782216	1.7141408534
r108	-1.6834662994	0.2191529799	1.6359851223	1.1163598880	1.2457986526	-1.2777235036
r109	-1.1828237685	-2.8906469222	1.1559099198	-0.7187079433	-0.2015142906	-2.1114814129
r110	0.1328219264	-0.5972786663	-0.2976022373	2.0038597642	0.3816515706	-0.3853487919
r111	-0.5651708939	-1.5965576290	-0.4097004903	1.2273109663	-1.3777481111	-0.8804263355
r112	-0.6354904825	0.3903463567	-0.9965785845	-0.1190168812	-1.3836251279	1.1171395448
r113	-0.2883357594	0.2679505217	0.6456386585	1.4273869034	-0.9657799757	-0.2427730306
r114	-0.2298138205	-0.3088709401	2.4308427293	-0.1436714928	-0.8112463276	-1.7884586618
r115	0.4351119421	-1.0669681118	1.4741447933	-1.6352174463	1.1977134278	-0.8313807701
r116	-0.0539694287	-0.5169115515	0.5380765190	1.0149419100	-0.2580706561	-0.5932692022
r117	-1.4968610729	0.8448744278	-0.9818460267	-0.0175923647	0.8275281584	-2.2681231952
r118	-0.6021819516	2.8294807586	0.7443040981	-0.9775409355	-1.3861190502	-0.3135023392
r119	-1.6805194234	-0.5206519306	0.1264984219	-1.0428384722	1.2410452398	0.2921500287
r120	-0.7474165225	-0.3165817595	0.2691598646	-0.3390951119	-1.3063636109	0.2532338692
r121	0.8486110530	-2.0547918100	-0.6103247713	1.4790299909	1.2511214562	-0.6990961247
r122	0.2262093256	-0.2144873047	-1.0700555378	0.4993493601	0.6801737766	-0.5289896412
r123	-0.2912662398	-0.5743694239	0.8418869864	0.1834094639	-0.9730053911	-0.6798326768
r124	0.0716568276	0.1878009587	-1.4448139617	-1.1342168777	0.1743184685	-0.1704412269
r125	0.6613102544	0.1165546023	-0.7636329770	1.7651429025	1.4044756435	0.6289411363
r126	1.2532400501	0.1286597498	-1.2965831164	-2.2889378759	0.1410947760	-0.1616828239
r127	1.8506439256	-0.6671796145	-1.0665668463	1.4155683905	-1.3625537271	1.8567800490
r128	1.2853207147	-2.5461764450	-0.5635966711	0.8431600934	0.0303512856	-0.3024663106
r129	-0.0989438083	-1.3329955360	0.3138998727	-0.6724759579	-0.4087498367	1.0087693192
r130	-0.2324213416	-1.5833203836	-1.0443603739	0.5108257569	-0.8185238461	1.3081987020
r131	-0.3964590757	0.3146502902	0.1671817232	0.0520048203	-1.1953445168	-2.1707179439
r132	1.6856761654	-1.1219943374	-0.6016861363	-0.1549354838	-1.1474340572	-0.4269891598
r133	-0.2768466855	-0.5793876728	-1.0214075153	-1.3337543868	-0.9369601316	0.5044436961
r134	-0.4624346441	1.1603834442	0.5715636149	-1.6255238988	-1.2939966111	-0.8020582461
r135	0.3175059038	-0.2068257397	0.1730072851	-0.4908925215	0.9375271964	0.1369458918
r136	1.1322549871	0.8478455793	-1.6111573732	-0.3406206949	0.5455034429	0.1514840420
r137	-0.4368119264	-1.5430251980	0.6857709168	-0.6281922866	-1.2596865670	0.6065108485
r138	-0.5261105729	0.5104727525	0.5618455445	0.2588061216	-1.3562721197	1.9606144299
r139	-1.9544563425	-0.2593288827	0.6354589376	0.5957721855	1.3794368771	0.2349953789
r140	0.0413949693	0.0504672221	-0.1377906646	-1.0534689805	0.0700370389	-0.0707112895
r141	-0.0501737804	-0.1160215189	-0.2477004772	0.3007662159	-0.2451757978	-0.2794474459
r142	1.1716056452	-0.9829499981	-1.1543399746	0.8721769113	0.4175287675	0.3818315117
r143	0.3534221976	-0.7179815898	1.3449555719	-0.2616820798	1.0264535601	-0.3742046985
r144	2.3589224424	0.7157830532	-0.8787395682	-0.2291462357	-0.6553955603	0.7731588890
r145	0.8595971826	-0.0327054526	0.4466753650	0.7157043332	1.2333451779	-2.1024775696
r146	-0.1713883791	-0.8121398638	-0.4899517329	0.4129939405	-0.6397848194	-0.6348317448
r147	-1.0502300648	-0.5621400761	0.3216279733	1.0102609596	-0.6354151463	-0.3749858429
r148	0.1086544268	-0.4237940345	-0.5317608567	-0.1461557012	0.3004902852	-0.4842105891
r149	-0.1983912105	-1.4982299806	-0.2289409580	0.2643417284	-0.7209426638	-1.6374770905
r150	-0.7885253148	1.0535491035	0.0682198434	-0.4777703642	-1.2521762431	-1.2895754724
r151	-0.3614852229	0.1666371164	0.7676329485	-1.2479093514	-1.1298179714	0.7311166634
r152	1.1218479341	1.8783009805	1.8398123421	-0.5425579933	0.5785453884	0.8867781993
r153	-0.2176529175	-0.3393003849	-0.1163353319	0.1252273185	-0.7768581412	-0.7915992994
r154	1.4097298344	0.0769209021	-0.8086303219	0.1707416593	-0.3940473475	-0.0275420967
r155	-0.5127354123	0.2626089028	0.2197176244	-0.6791219385	-1.3459665334	0.3734776691
r156	-1.4110738225	-0.2786329110	0.9827952951	0.0201288897	0.5706255094	-1.1734512453
r157	1.5371356015	-1.9552268044	0.5070248463	0.8991986264	-0.7889541029	0.1237065720
r158	0.2468583327	-1.7844431601	-1.5867505547	-0.4693030604	0.7418759432	0.0889798350
r159	0.5117779858	-0.1859397935	-0.7940149990	0.3131014016	1.3143849997	-1.3605823076
r160	-0.6583375847	1.5360415224	-1.4666699094	0.8389228773	-1.3764272721	1.2192025913
r161	-0.0937857441	0.2845558977	0.4377883214	0.0814637750	-0.3916970353	0.4489519289
r162	-0.4318001073	-0.7552416648	-2.8482736351	0.5617029785	-1.2523728534	0.2861463836
r163	0.9054172809	1.6594510520	0.7423616966	2.7427316692	1.1495828316	-0.1116793414
r164	-0.5328023336	-0.7757277290	-0.1256568208	-1.1766593072	-1.3608658511	0.1196677293
r165	0.2049030552	-0.2712782170	0.1839140647	-0.4149997885	0.6146677696	-0.2056059835
r166	-0.7906586172	0.0982333076	0.0915033621	0.5145093790	-1.2490018284	0.4909414426
r167	-0.4514992036	-0.1829057411	0.4644701854	0.4402458539	-1.2799883987	0.7540428484
r168	-0.7301666924	-0.7502623285	1.1452186979	0.9114923485	-1.3250662257	1.1569835275
r169	-0.9992016499	-0.2086597337	-1.7697859556	-0.4946455762	-0.7863694643	2.0262173004
r170	-0.3169505371	-0.9571244457	0.3161160895	2.0558987517	-1.0340751085	-1.4853090567
r171	-0.3706369039	0.6810409973	-0.0342570692	-2.1883995757	-1.1478114960	-0.4371688046
r172	1.4078466183	-2.1814489888	0.7889336858	1.5038362761	-0.3878081555	0.3219099067
r173	0.1409798233	1.0568769788	1.1852409302	-1.6915882768	0.4087608651	-1.8476138658
r174	0.5022057543	-0.5852158465	-0.8599364270	-1.3785991989	1.3023139885	0.1675059896
r175	-1.1621618118	-0.0374309394	-0.4505983503	2.1762491897	-0.2718417005	0.8388418844
r176	0.6566921365	-1.2361191071	1.5421035771	0.1355612044	1.4045304177	-0.3191835968
r177	0.2892547631	-0.6496283513	-0.7889191583	0.2476651060	0.8623771968	0.6808796945
r178	-0.3866418978	-0.2298782357	-2.1955282762	1.0800937892	-1.1778440047	-0.3767994459
r179	-0.6685326042	1.1978100790	-0.2576498155	-1.5110747633	-1.3717807303	-0.0479182456
r180	-0.4061580536	1.3567468647	-0.0081342075	1.4814245312	-1.2119343511	1.9218278887
r181	1.3525333058	-1.4269596304	-0.0504261185	0.4025689681	-0.2012756454	0.2743674379
r182	-0.0113459611	-0.4761045554	-0.7998299603	-0.3963375426	-0.1121775933	1.0465863980
r183	-0.6398711526	0.3056886041	-1.2071578635	1.0281663388	-1.3825903636	-0.5736269784
r184	0.8038038829	-0.3405661997	1.5425162020	1.0486808413	1.3139595979	-0.7598142363
r185	1.7051934434	-0.4794523074	1.4555378477	-1.2872221586	-1.1838364433	-0.2071334982
r186	0.1003968382	-0.0475020235	-1.0996074309	-0.6415873963	0.2725046897	1.7552529463
r187	-1.7350297759	-0.8982730793	0.2223470283	-1.3398492830	1.3180883209	0.5826600124
r188	0.1720613463	-1.2561459493	0.6651672090	-0.1285811543	0.5104560440	-0.0630269355
r189	-2.2532505487	1.8346834279	-1.6564826435	1.1626091637	0.8428782238	-0.7629776246
r190	-0.6531128141	-0.8219379096	-1.5817455592	0.8486419095	-1.3784659748	-0.2120803830
r191	-1.0365025379	-0.2328079012	-1.6456489714	1.7603037105	-0.6771400081	1.2805943010
r192	0.8188424324	-0.5224232340	-2.0380442496	0.8506802199	1.2946268550	-1.1648978947
r193	0.4913682868	-0.6649515627	0.1860609068	-0.3211003317	1.2877695200	0.3581554926
r194	0.1305631031	2.5261299968	-0.6739926450	0.6606602478	0.3741179422	1.2465626986
r195	-0.3470315802	-0.5868410876	-1.8927204986	-1.9749883559	-1.1002106675	1.6273942285
r196	0.3708586567	0.8336020520	-1.4074227899	-0.3797954212	1.0667619421	-0.8813904460
r197	1.2199926659	0.1994534844	-0.6854560268	-0.6675845487	0.2549768777	1.2121502636
r198	0.7263736996	0.9674144753	0.1344380687	0.2477914022	1.3843261506	-0.1442693007
r199	-0.6058665263	-0.7875509755	-0.7027136681	0.1210912281	-1.3863107747	0.1054788949
r200	1.6988324632	0.5583080016	0.2099639211	1.2570008449	-1.1722748289	-0.0652621317
r201	0.1527471711	0.7034319740	-0.7707269597	-0.9229303972	0.4475740179	-0.9651628793
r202	1.2236924170	-0.0913089428	-1.1925306591	-1.2077135326	0.2423725625	0.7369616332
r203	-2.2918801061	0.0359393813	1.3973984736	-1.5262772771	0.7321055552	-0.4128136941
r204	0.0379099499	-0.6892475991	1.6087305412	0.6537338960	0.0579946299	-1.3213584522
r205	0.6502335511	0.6838483009	0.4062627976	0.1049704116	1.4043004840	0.2858015222
r206	0.1541002256	1.9165968604	0.7591791584	-0.8587147680	0.4520136213	-0.6762534775
r207	1.4373978942	-1.0985158835	-0.7420475248	-0.0508596325	-0.4846299186	-0.6753397001
r208	0.1114490522	-0.1935839654	0.1291011209	-0.8033186713	0.3099344292	0.1267006150
r209	-0.3742376050	-0.2964955480	-0.8545011711	-0.3790228583	-1.1547283875	-1.0877174493
r210	0.5760345993	0.3614294538	-0.3270601594	-0.6583798342	1.3761117120	-0.2166511226
r211	-1.8832410558	1.3054496542	2.1086707751	-1.1601558782	1.4044076819	1.3158313998
r212	-0.4542003895	2.1225486680	1.8498920726	-2.8974629382	-1.2835370405	-0.7374294418
r213	0.8197443685	1.8297575618	-0.8752648860	0.7137689213	1.2934103474	1.0402374267
r214	-0.0579696337	1.4436244682	1.0839302580	-0.9740268052	-0.2716348467	-0.1913760329
r215	-1.4756795915	-0.4869125324	-0.2281312349	0.1376545221	0.7671006472	1.9694158773
r216	-0.2667462327	2.8219920123	0.5003433924	0.2880298061	-0.9109893756	-0.3559447042
r217	0.1983998977	-2.2038615794	0.0456717565	-1.2882608032	0.5943290752	0.2837492642
r218	-0.5235240120	-1.1396615237	-1.4281515136	-1.8000296532	-1.3543958233	-1.6806027657
r219	-1.0738515506	0.6864869015	-0.7867637216	1.2615377282	-0.5618994005	-0.2325069456
r220	0.2124056445	1.8752092131	-0.2370204259	-1.3181826989	0.6379364661	-1.3342488431
r221	-0.2635144897	2.2440787028	-0.0365134113	-0.0127020490	-0.9025572584	0.4372949449
r222	-0.5190890165	0.6584696668	-0.2922328493	0.9464015302	-1.3510483364	0.0964272712
r223	-1.4098546643	-0.0724386573	0.2938877813	0.4138834716	0.5667633291	-0.2129531113
r224	-0.8250983584	-0.6788437600	-1.7003542179	0.9201082633	-1.1929537804	-0.3135917332
r225	0.1918090007	-0.1797112134	0.8364885286	-1.1135765784	0.5735609099	0.1169918456
r226	1.5273729579	1.5757934675	-1.3525836340	-1.1590790525	-0.7610278053	-0.0429882336
r227	0.9379918188	-1.0683099371	-1.0051199311	-0.0749124465	1.0810298457	-0.6149477841
r228	0.9649761629	0.4979838598	-0.5971412961	-0.5233601374	1.0189334245	-0.1204734477
r229	0.2717465875	0.1852965551	0.2603686933	-2.5825240355	0.8136816000	0.8524222615
r230	0.0730399098	1.0523666057	0.3771654650	-1.4385001813	0.1790667701	-0.7213857042
r231	-1.2497784511	-0.4933996107	1.3264172906	0.3603612162	0.0292181122	1.6931562350
r232	-0.5335959273	1.1077545481	-1.2270291410	-2.0217662230	-1.3613856696	-1.4116807194
r233	-0.2257400952	0.1003223630	-0.3133264706	-0.6394839579	-0.7998082306	-0.3319275479
r234	1.7055579608	0.0481496030	1.6572563332	0.3717831090	-1.1844900311	0.0934614552
r235	0.7916775157	0.1191502110	1.6494831827	0.9865942412	1.3282300347	-1.9995603453
r236	0.6619816005	-0.1485357996	1.9542463951	0.5871392889	1.4044524651	1.0971654300
r237	-0.1032865772	-0.5575249563	-1.0694505463	0.2218296069	-0.4230544121	-0.6507051863
r238	1.6731968715	-2.2274177277	0.0629694091	-0.4087630815	-1.1227351412	0.7606028444
r239	-0.0920321511	1.1609608223	0.1655942943	-2.6154968294	-0.3858845197	0.2074097473
r240	1.0935656966	-0.2106889629	0.4247617415	0.2876809403	0.6663642945	-0.2653101820
r241	-0.7015947538	-0.2702074261	1.2444154757	1.7836141663	-1.3506674243	-0.0510923122
r242	1.6884719860	0.3615850257	0.1740315279	-0.8561059732	-1.1528166919	-0.6614866931
r243	0.3221301545	-2.2688212699	0.0138244821	-0.2644641007	0.9494042552	-0.2584188538
r244	0.3029331846	-1.2057910601	1.9097614428	-0.6005166180	0.8993080693	-2.5061631221
r245	0.5011768729	-0.3966328189	-0.5177341700	0.3619891095	1.3009730874	0.9076368218
r246	0.3269257915	0.3643263133	-1.3431691901	-0.2119848399	0.9615910521	-1.4935933867
r247	-0.8940692652	0.2311208670	-0.7363754053	0.0825279612	-1.0548736467	-2.2785760887
r248	-0.8717193553	-0.6601493987	-0.3806013610	-1.2521290494	-1.1032281621	-0.4854178733
r249	-0.6846633145	-1.3610785542	0.0390843995	-0.9310215113	-1.3626298079	0.0168305928
r250	0.4619921690	1.2749657274	-0.2487538770	1.0014300846	1.2437394458	0.9244997855
r251	-1.1015715990	0.7866418503	1.3469875684	0.5516555377	-0.4731524292	-0.2491163622
r252	0.4254181049	-1.1361733564	0.8109898026	-0.1865628759	1.1798100635	-0.5258440735
r253	0.6801983646	0.7605183320	-0.9928542316	0.1307559361	1.4023497200	-0.6031652838
r254	-0.2131429682	0.8471169676	-0.1393400468	-1.8537098508	-0.7639219449	-0.0758848627
r255	0.4301564543	0.4239640917	-0.1583542705	-0.3611172468	1.1886462882	-0.0103000190
r256	1.9381645183	-1.0226284083	0.5763263123	1.6139908278	-1.3856817258	-1.4979601281
r257	1.7523293566	0.6857139925	-0.4250262268	-1.3420572222	-1.2600938045	0.5333034780
r258	-0.1961467613	-0.7266679757	-0.6974718986	-1.5424286065	-0.7143165140	-0.0219780886
r259	0.3201514210	0.2015137587	1.0436389759	-0.2376135463	0.9443370432	-1.9457265013
r260	-2.0052556710	-0.6203194125	-0.5374810484	0.1727794949	1.3355125863	1.3842855554
r261	0.3298259037	2.2050358887	-0.6063246521	-1.4809355328	0.9688957244	0.2999210069
r262	-1.9802700673	-1.0468032510	0.2555526093	0.8005759093	1.3597913552	-0.1035719852
r263	1.7657881599	0.1411821407	0.6382013393	0.0189350476	-1.2787327198	0.0576895884
r264	-1.7210431142	0.8728107029	0.3255453231	0.1723924562	1.3005461188	1.6425410615
r265	1.7481741818	-0.3423350177	0.3532833863	-0.4710178419	-1.2540531491	0.5480500223
r266	0.9655180545	-1.7916264138	3.0061411361	-0.2888752864	1.0176392223	2.1437815250
r267	0.3051634490	-0.0989893065	1.2371454143	0.1499403817	0.9052337681	0.3105505625
r268	0.7567268552	-1.2470911119	-1.1229729899	3.3855513790	1.3626554077	0.2599680325
r269	0.3214590257	-0.6188586561	0.3649249741	-1.0379364873	0.9476881322	-1.1731745332
r270	-1.1640091715	-0.9360480327	1.1546781360	0.2164982372	-0.2655810768	-0.8457512956
r271	-0.1718270647	-0.2055512490	-0.4865427299	-1.0665901426	-0.6411275136	2.4483614253
r272	-0.1587833085	-0.6126548447	-1.0510498804	-1.3010165153	-0.6008829211	-0.8823454377
r273	0.1071547494	-0.1225616470	-0.5990795373	-0.0179094072	0.2954164905	-0.5580222977
r274	-0.0521267533	1.0139867294	-0.1348688611	0.6418461471	-0.2518134638	2.0558332155
r275	-1.6021306842	0.2495058982	-2.6051052696	0.5495398438	1.0913534392	-0.9169379229
r276	-0.8899125086	0.5716144372	-0.3450065387	0.3178539719	-1.0641184576	1.6705119383
r277	0.7594294643	0.1834612808	0.9388768878	-0.7721591543	1.3603525907	-0.0347479920
r278	0.2683499589	-1.3208605028	-0.2641796692	-0.2760036391	0.8040562308	-0.3505288873
r279	-0.5457151588	0.3714927155	0.2615927089	-1.2142922352	-1.3686643019	-0.0683781373
r280	-1.5152342409	0.4297677599	0.6992676139	0.7555635824	0.8781237702	-0.7885261309
r281	-0.1907134271	-1.1346793815	2.1513157993	-0.4029097874	-0.6981837558	0.6469156495
r282	0.4703169967	-0.6473198650	0.9572546858	-0.4969633360	1.2568919205	-1.5007483651
r283	0.1542495079	0.5728480175	0.1093037382	0.3099913703	0.4525031381	-0.6556567569
r284	-0.3842907991	-1.3980725237	2.2337228799	0.5199472388	-1.1735481772	0.9370662940
r285	0.3521221239	-1.5963873316	-1.7947263027	0.2077896287	1.0233711029	-0.5690691327
r286	-1.0900809201	-2.2373071114	0.6631303556	0.2053521160	-0.5102405967	0.2747240987
r287	0.3849052453	1.6350211139	-0.1387763528	0.0664257835	1.0978012488	2.3168650571
r288	0.6994782392	-1.7585634030	-1.0276921098	0.3553059577	1.3970321029	0.6244724953
r289	-0.9434751628	0.0188739765	-0.0375522395	-0.9318469896	-0.9366312845	-1.2761507895
r290	0.1653591087	3.3497183586	0.4265201839	-1.0602700820	0.4887581051	-1.7422764645
r291	-0.3573622692	-0.6623006667	-0.0810284593	-0.1061331028	-1.1215196936	-0.4144125535
r292	-0.3416018123	-0.4575486687	-0.7005463490	0.9764287513	-1.0887183539	-1.4328411190
r293	1.1013318456	0.1302722089	-0.3524361160	-1.0872298535	0.6425531701	1.9105799913
r294	0.6620550551	0.2264589766	-0.4128293373	0.4233161206	1.4044496946	0.0334933598
r295	0.5831523775	1.0964797979	-0.7850424009	0.0435368692	1.3808413843	-1.5183621608
r296	-0.1988387439	0.9396348332	0.0691499002	-0.0331703149	-0.7222611951	1.0674650632
r297	-0.0408231850	1.5740294757	-0.4799328134	-1.1912291631	-0.2133156721	-0.4368159871
r298	-0.8761355038	-0.2094805653	-0.1248330513	2.2261367348	-1.0939396118	0.4319584854
r299	0.8867848026	-1.4345953765	-0.2016837336	1.4944797098	1.1854819120	0.1168707002
r300	-2.2463421216	0.5684958243	-0.1456344900	0.1703454518	0.8619119430	-0.3498934089
r301	0.3892886561	1.0849779653	-1.7341531075	-1.1142328182	1.1072191211	0.4401745326
r302	0.8492560807	1.6691462170	-0.1511594442	0.6854787009	1.2501030719	-0.2792573335
r303	-0.3928990752	0.1016752558	-1.5200472898	1.6011563721	-1.1890801543	0.4079437277
r304	-0.0108654944	-1.3176183565	-0.6147830383	0.5625867254	-0.1105222560	0.0521930218
r305	-2.1011813002	-0.0292978744	-0.6142361896	-1.0711217102	1.1961411256	-1.0121276838
r306	1.0009967260	-0.6671315983	-0.2300919881	0.6610391747	0.9290592758	0.1579611028
r307	-1.2783225536	0.5465948357	1.4943593379	0.5160483050	0.1277855322	2.2032736588
r308	0.2798323209	-1.4224871978	0.8687181981	-1.4131082282	0.8363643220	-1.3914337467
r309	-0.0926785772	-0.3620978756	0.0722666790	0.8347693893	-0.3880280584	0.5265164205
r310	-0.1975301989	2.6690125004	0.9953711692	-0.1835155989	-0.7184034112	-0.9174382782
r311	-0.7756923868	2.7205847442	0.8679520335	0.5007867753	-1.2705251293	-1.0581828052
r312	-1.6318773326	0.4328917630	0.2021436252	0.0033365207	1.1532923231	0.0516925007
r313	-0.9452839117	1.2756222100	-0.2917347303	-1.3701946623	-0.9320222886	-0.2269769351
r314	-1.6079199938	1.9062997298	1.3028691854	1.1581328784	1.1038796997	1.5877009154
r315	0.6561541988	-0.7231507909	0.0033317772	0.3646268796	1.4045249132	-0.0692357707
r316	0.5049062520	0.8020646299	1.4307702486	-0.5237378023	1.3057934261	-0.0745367976
r317	-1.3653755056	2.3332771886	0.7854797061	0.8264218036	0.4226652485	-0.6369574997
r318	-0.2379822996	-0.3986246584	-1.4552540647	0.7230506300	-0.8339285083	0.3057153782
r319	-1.2128457612	0.3550146161	0.3159699019	0.2097029058	-0.0983942141	0.4882653968
r320	0.6785242280	0.5606015744	-0.8993946448	1.2910988375	1.4026615352	0.4917599644
r321	-0.2982548950	0.0976605853	0.3421555488	0.7689790264	-0.9900269251	0.1397138643
r322	0.0694047197	0.1901827576	-0.6528419450	0.0149903058	0.1665825589	0.5768714153
r323	0.5547781057	-0.1438445905	-0.2968198123	-1.5766200732	1.3594617876	1.1300383394
r324	0.1131542761	-1.1491463354	2.4121425618	-0.3531916476	0.3156899952	-0.5623209039
r325	-0.6544335931	-0.3883802778	0.1331792696	-0.5691426997	-1.3779725635	1.7252864670
r326	-0.4488214625	-0.9583748213	1.1037531425	-0.1084937741	-1.2764135451	-1.5738639473
r327	-1.7939590027	-0.5571728242	-0.0531048284	0.4132050568	1.3745151514	0.0166090776
r328	-2.3549822333	0.6729863126	0.2166392738	1.1257789241	0.5374008914	1.0334513235
r329	-0.5446444927	-1.4220573584	2.4956496763	-0.7171689561	-1.3680712279	-0.4544436692
r330	-1.5325761359	-1.2555109374	0.8977867888	0.2318217606	0.9242287240	-0.6153279398
r331	-0.0526166339	1.2542998655	0.5854470064	-0.6670922653	-0.2534774927	0.9764551047
r332	0.5941472786	-1.1765857018	-1.6478147624	-0.6997848561	1.3873080476	0.9776486783
r333	-0.7338833157	1.9292319055	0.1216939621	0.3880902247	-1.3212415062	-0.4085390951
r334	0.7390932880	0.6447003028	-0.7873242900	0.2925338952	1.3761856069	-0.3388513733
r335	-2.2199715405	0.3136237153	-1.3067576635	0.3425454707	0.9322213590	1.1703691452
r336	1.0460910884	-1.0990313916	-0.0317913031	0.8946107756	0.8063094195	-0.7186831604
r337	-1.2444697734	0.1081472054	-0.2053881433	1.3875323321	0.0108604985	0.7119550140
r338	0.3315285458	-2.7886139101	0.5466769333	-0.2633611631	0.9731611899	-0.5599355478
r339	-0.7775802318	0.4292632274	1.7861901298	1.0451058392	-1.2679065843	0.0246997409
r340	1.1981254804	0.1128760270	-0.1411366489	0.4499943364	0.3290165823	-1.2699132869
r341	0.2992777401	-0.2912480785	-0.9042807555	-0.9513726442	0.8895370110	0.5336629268
r342	0.7600592960	2.6536659285	-0.6274234558	1.0125037074	1.3598072163	-0.6956373883
r343	-0.1897761438	-0.3964666283	-1.1987588286	-1.8436077461	-0.6953877075	-1.2360416101
r344	-0.6655668028	-0.3941847899	-0.9898402356	0.1908486668	-1.3732234882	-1.2698262633
r345	1.1855890229	-0.1537440724	1.3622511807	1.1492407143	0.3710537648	0.1943303555
r346	-0.8187677135	-0.4424273800	1.9363786619	0.4571964535	-1.2039257807	-1.7839814468
r347	0.3383767277	0.1668518385	-1.0592254198	1.4087092468	0.9901431618	1.8597317717
r348	0.0153837186	0.1732310160	-1.1239007518	-0.7945573565	-0.0198928125	0.4954153842
r349	-0.6208276132	-1.1090667900	1.3647502684	0.7872961771	-1.3858940004	-0.8534257117
r350	0.8581869602	-0.6051052220	-0.6712259169	0.6095715401	1.2356780569	2.1774320627
r351	-1.4326513087	-0.7212215614	-0.1144994393	-1.6412669578	0.6381005515	-1.8495101035
r352	1.2199339581	0.2124885513	0.3561973931	0.4316641259	0.2551767197	-0.6378579086
r353	0.4428026117	0.1856006644	-0.4100573492	-0.9304158078	1.2114297134	-0.2094996963
r354	1.9508551454	-1.0260030023	-1.3432091873	-1.0796554466	-1.3835967192	-0.8373624141
r355	0.6286925010	-1.4187777948	-0.9734047812	0.0417850664	1.4009506744	1.0847850911
r356	-2.2402036529	-0.9020055297	-0.4385287425	0.6575989134	0.8786147624	-0.3364609248
r357	1.2995168024	-1.3638870653	-0.0651541729	-0.2313720116	-0.0187385404	0.9096395722
r358	-1.1354944147	-0.1278066550	1.9028403142	1.9245424523	-0.3614952602	-0.5964911022
r359	0.5562770059	0.3647759815	-1.2663656246	0.6189759576	1.3607592251	1.5492046126
r360	0.2701008697	0.8728564562	-0.7541513902	-0.7900549830	0.8090250404	1.6134764092
r361	0.9392831129	1.3100730874	-0.7843574562	0.5768619203	1.0781653549	0.6237103329
r362	0.2411398137	1.9418991484	-1.0113665334	0.5555644122	0.7249734785	0.7426020791
r363	0.9339584903	-0.4760691035	0.0865788549	0.2741829883	1.0899061961	-0.2762519299
r364	-0.5431081026	-0.5299774011	-1.2229094807	-1.0648134769	-1.3672032388	-0.2662067206
r365	1.8337170339	1.3029437160	1.1788542407	-0.2831123696	-1.3505778912	-0.8364899451
r366	-1.9146906031	1.3529746298	1.0258047374	-0.3115430725	1.3987097536	-0.4866854436
r367	0.1011214401	2.0199866918	-1.0665342608	0.7836071024	0.2749650063	-0.0830886900
r368	0.3017581159	-3.3854991850	-1.9347951881	0.3343523625	0.8961750217	0.3112082446
r369	-0.0479837042	1.1627173692	1.2081742016	0.6734994634	-0.2377252006	-0.9201092512
r370	1.8574999608	0.3462529621	-0.6012610811	-0.7722778907	-1.3667187870	-0.4426507176
r371	0.0940209285	-0.8861935565	-1.2765597070	-0.7958664220	0.2508201673	0.6261519879
r372	-0.1283824698	1.9307935118	-0.3365049831	-0.0087468375	-0.5046857382	-1.6891060766
r373	-1.2484476611	-0.6146749448	0.4530452259	-1.4281587236	0.0246163918	-1.3043263240
r374	-0.3453748060	0.4398981559	0.1541661813	0.7685010065	-1.0967252375	0.8132587439
r375	-0.6462405053	-0.2426828346	-1.1986087654	1.5576029148	-1.3807932954	0.7965525486
r376	-0.8320338389	0.7803406735	-0.4100766789	-1.5286376942	-1.1805940172	0.8741165950
r377	0.2994285742	-0.5845111631	0.4398124998	0.4357716731	0.8899416273	-1.1060646573
r378	0.6941500116	0.6908252085	-1.4764017016	0.7918136293	1.3988190998	-0.9160731254
r379	0.4069515866	0.1719140758	-0.2775059672	0.8871674029	1.1438441985	1.6392396282
r380	0.2689513172	1.2472559639	0.8530003102	-2.0752247181	0.8057644833	-0.0903862685
r381	0.0868567258	-0.8731877634	-1.5459248257	0.7922428473	0.2263829145	-0.1405692139
r382	1.0447316250	-1.2440321741	-1.0141205824	-0.1476342498	0.8101633813	1.3183994606
r383	-0.4408909252	0.2743329421	0.2518180665	0.6972160224	-1.2654946094	0.1070829335
r384	0.9883514408	-1.0035351726	0.0872541648	0.0732390483	0.9614827259	-1.1449926079
r385	-0.4641036667	-0.5007016832	0.3896357641	-0.6712541914	-1.2960506923	0.1078040218
r386	-1.4884244889	0.6441968966	0.9144576234	-0.7225004759	0.8037208806	0.3604179002
r387	0.5109602893	0.9304165921	-1.2742832454	-1.2260942055	1.3133824458	0.0862307698
r388	0.5528493561	0.0761551869	0.0792961913	0.1227903010	1.3577648649	0.1937753362
r389	-0.1763770397	-0.4641991744	-0.2758666818	-1.4380902671	-0.6550081087	-2.5697357081
r390	-0.3469818724	0.6872621237	0.1307952714	0.1303015566	-1.1001063668	0.4685195840
r391	-0.0474010337	1.6763552130	1.9197940756	0.9340294105	-0.2357417334	0.3120928474
r392	-1.5362512349	-1.2279055807	-0.4440836730	-0.4872924064	0.9337850951	-0.2376123695
r393	1.7367066270	0.8986485774	-1.1874871343	-0.5894743960	-1.2366891374	1.1673068719
r394	-0.8700266955	-0.5875793910	-0.5582484606	-0.7192238050	-1.1067531025	0.3441804604
r395	2.4557365733	1.0832898313	0.7751283498	-1.0237213640	-0.3447711431	1.4502495636
r396	-1.3555366671	-1.7411738596	0.2915545808	-1.9881056116	0.3900499061	-1.0807356717
r397	-1.3844185231	-0.6862561730	-0.7483598262	-0.6771149468	0.4850765587	-0.2949623231
r398	-0.5380028728	-0.2062703909	-1.2670775978	1.2034544334	-1.3641758006	1.3326254737
r399	-0.8771854508	0.7170867249	1.0768813582	-0.3617301935	-1.0917117630	2.2442082853
r400	0.3995000673	0.5128233468	0.3432143893	1.0319282940	1.1286541857	-1.8511604398
r401	0.9155694135	0.1086701541	-1.1022229274	-1.3027447209	1.1289944667	1.1501361622
r402	-0.3683025284	-1.5631114468	-0.7049091260	-0.7299042014	-1.1432779449	0.0350156856
r403	0.1993066985	1.4721019662	-0.4079856274	-0.3349818748	0.5971743449	1.4351385617
r404	0.7704232935	0.7555404391	-0.8457089697	1.0883209271	1.3503614105	1.4269928663
r405	0.2198849797	-0.6999913357	-1.1377148838	-0.7945770302	0.6609166781	0.0666824145
r406	-0.1858750890	-1.2544348838	-1.8104119836	0.4222537386	-0.6837096525	0.3591284179
r407	-0.5644824728	0.1520091501	-1.3541139940	0.0807258114	-1.3774815945	-2.3073233649
r408	0.8616811609	0.3221244921	0.3681614924	1.8668815569	1.2298703630	-0.2318255791
r409	0.4174024038	0.5121379986	1.5011211705	0.3791305610	1.1644952674	0.2846843064
r410	0.7607693398	1.5084746967	-0.8333391432	0.9994108637	1.3591884399	-1.4616908205
r411	0.2511080303	-1.1070051839	0.8466050367	-1.0109468895	0.7543418183	1.7234326846
r412	0.0689734619	-0.9095513425	1.3918436127	-0.5321921554	0.1651006368	-1.3195798561
r413	0.9379678059	-0.0027269865	-1.2430073808	0.2350058739	1.0810830098	0.9401123302
r414	-0.2378930102	-0.3346797855	0.2537139791	1.1479901680	-0.8336824207	-0.1854543441
r415	1.1838672949	0.0933379175	0.4065476837	-1.3691316139	0.3768006774	-0.9736218824
r416	0.0961521882	1.7484132616	-0.8298946045	0.7862676359	0.2580755829	-0.4628693040
r417	-1.7083057357	0.4233462797	0.8369757907	1.2855607422	1.2832204540	1.2042149544
r418	0.2238609532	-0.2817820342	0.4238022061	-0.8243760108	0.6730421703	0.9796058784
r419	-0.2696028162	-0.8444933940	0.3987692789	0.2186614910	-0.9183935263	-0.0107818210
r420	0.7364532707	0.5182851804	1.2801519100	-1.4579131451	1.3779872051	0.0134390799
r421	0.0485488854	0.5087259262	0.2243073126	0.0333694879	0.0947420063	0.3971032760
r422	-0.2899202601	0.7605731260	-1.0294303988	1.6110633409	-0.9696931414	-1.7039857539
r423	-0.1154046684	-0.6511553824	0.9670095580	-1.1941341262	-0.4627001068	1.1524925813
r424	0.6094202831	0.3855768808	1.0287606397	-0.1705461042	1.3945922371	-0.0635348864
r425	-0.6092536286	1.1011281332	-1.1801862996	-0.5493975080	-1.3863843919	-0.2125174696
r426	1.2598007093	0.4845672104	0.5737529255	-0.6970086627	0.1184922078	-0.1473910705
r427	-1.1238281624	-0.0003318109	0.2119416588	0.6968941336	-0.4002303812	-0.6065414439
r428	-1.1240196473	-0.4700916298	-0.5951371756	0.0573836199	-0.3995972723	-0.6218332726
r429	-1.2335061988	-0.8602683768	0.6025025460	-0.7714255395	-0.0270493762	0.0897381783
r430	-0.8369413886	0.9247064385	-0.3040010191	0.9273887614	-1.1716357132	0.7011168048
r431	-0.3060884607	0.5867129654	1.9446874106	2.3128285534	-1.0087498741	1.1090884453
r432	-1.0978976441	0.4225317864	0.8518805142	-0.8438606675	-0.4850547249	1.2880082979
r433	-1.5228519073	-0.7359016182	0.6019081855	-1.3342964268	0.8985787507	1.7270051026
r434	0.9469205916	-0.3519009490	0.2570110476	1.4086634733	1.0610001850	-0.2278096277
r435	1.0531448382	-0.7045667882	0.0978902168	-0.2432157817	0.7861683539	0.7927635523
r436	-0.7708593465	0.6312721920	-0.0905679684	-0.5697377044	-1.2771010600	0.8050512532
r437	-0.1058607584	0.7512089906	-0.2382610692	-0.3992871491	-0.4315099455	0.2554695773
r438	-1.5424873572	0.4773772996	0.9115781259	-1.4380945162	0.9498249867	1.8122467546
r439	1.0280153759	0.4840512096	-1.0466530534	-1.4964822075	0.8567958959	-0.4486194150
r440	1.5649553469	0.1126553730	1.2535138944	1.7108724778	-0.8659171686	-0.3116183138
r441	-1.2243177260	1.1247335026	-0.4276892066	0.5631687409	-0.0588019251	0.5093593721
r442	0.9645958294	-1.0735107176	-0.1263525980	1.2536906538	1.0198406891	0.2226927353
r443	-0.0356519365	0.5524894684	-0.0065595215	1.8497832342	-0.1956433879	-0.0039009707
r444	0.0699582500	-0.9884476483	-0.3261547218	1.0761219105	0.1684843795	-1.1011678422
r445	0.1689320056	-0.5516470216	2.6338489391	-0.6467667165	0.5003419128	-1.3734405189
r446	-1.1604844069	-0.1364663065	-0.0803920080	-0.2674867436	-0.2775212585	0.8305407216
r447	-0.2487689753	-0.6008919158	-0.4521976902	-1.1609612759	-0.8633501344	-1.7620690831
r448	0.1541365760	-0.2663671388	1.3097178709	1.0206953153	0.4521328248	-0.1271195025
r449	-1.3497139107	0.4799318079	-1.3703590382	0.3820676738	0.3706397852	1.8032508991
r450	0.2489154684	1.3242530863	1.1384805023	-1.4547896191	0.7479204886	-1.2012448737
r451	0.4119239583	-0.2966648447	0.4753393023	-0.0550525372	1.1537655021	0.1188556877
r452	-0.5195110771	-0.6148805593	0.3685330668	0.1063771248	-1.3513739833	1.8007076951
r453	-0.2060004162	0.4145094472	2.5643601140	-0.6951533779	-0.7432375738	-0.7054089024
r454	0.0606766524	-2.4542342060	-2.7627040731	-0.1542808786	0.1365577956	-0.5183031488
r455	0.9985948359	-0.3608794711	0.4027371285	-1.4522352405	0.9352883820	-1.7019079420
r456	-0.1520071135	-0.9369700441	1.6464657938	1.5173531780	-0.5797217597	0.4006737070
r457	0.5891961611	1.0499483562	0.3418763169	-0.0559411248	1.3845224025	-0.7291230800
r458	-0.5052787630	0.3516529760	-0.3618203981	0.6020253802	-1.3395741142	0.1626779639
r459	-0.4230300808	-1.5662155559	0.2099033485	0.0695688853	-1.2391073437	-2.0764479501
r460	-0.1849069980	0.2715698569	1.1895361432	-0.0862513990	-0.6808015407	0.0687309109
r461	-0.0883086342	-1.4090733623	-0.1813537474	0.5814229980	-0.3735178346	-0.6611843154
r462	1.1699433467	0.4357609900	-0.0752220779	0.6502483637	0.4230220330	-1.0284321869
r463	2.5383105381	-0.6539179659	0.7055132165	0.0040088183	-0.0630900386	0.9651477700
r464	1.4503316591	0.6779587661	-0.6643974917	-0.0223671430	-0.5262035728	0.7383214674
r465	0.1909206914	-0.2216249230	1.9365695726	-1.1280417372	0.5707501753	-0.8690936023
r466	-1.3833069489	0.0516756222	0.0034457498	1.4039879929	0.4814612925	0.2450616800
r467	0.3072728396	-1.1088020511	-1.8021733873	1.4532047037	0.9108131246	-0.0897443124
r468	0.7364024045	-1.0340495577	-2.4908179892	-1.9454725329	1.3780213420	-0.4786386484
r469	0.0744330973	0.6662493285	-0.4433388226	1.4305351958	0.1838477455	2.2728673770
r470	0.0455641182	0.5141786068	-0.3433995916	1.9713320768	0.0844373915	-0.6078556963
r471	-0.4913096443	1.2304439521	-0.3977617213	0.5321899356	-1.3263611081	-0.9197341776
r472	-0.1939476001	-0.8076095365	0.9559992178	-0.6592744604	-0.7078023572	2.5121329633
r473	-1.0511352988	0.0407732630	-0.8100851789	-0.5006209675	-0.6326369400	-0.1130916199
r474	-1.1267224219	-0.8521223683	0.5758249631	-0.7236308693	-0.3906513096	-0.1447660567
r475	0.8613241739	0.4139438448	-0.5244106447	-0.7310245888	1.2304679149	-0.1611959992
r476	-0.3489309853	-0.2678240383	0.1632745272	1.3891318895	-1.1041835198	0.7564751755
r477	0.1041856127	0.3959144567	-0.7993636490	-0.3351838259	0.2853595385	1.2225721852
r478	-0.4114504591	-0.9780822044	-0.1476334027	-0.7376435534	-1.2206900065	-0.7075913955
r479	0.0464391048	-0.9731006476	-0.7586477896	-0.4080205753	0.0874586489	1.0307639754
r480	-0.6171392403	0.0063143521	0.0087275741	-0.7259896574	-1.3861748909	-0.6556117089
r481	0.0186412103	0.5835884456	0.4938438312	-0.8795381546	-0.0086294564	-1.3413459034
r482	0.7439378358	-1.7179301914	0.6018275267	1.0497129676	1.3727274404	1.6611237718
r483	-0.7879658827	0.6191123524	-0.2472731372	-0.1437249331	-1.2530028635	0.0002721134
r484	-3.0029329886	1.0933985960	0.1815003372	0.9598766766	-1.3001689172	-0.4908347258
r485	0.4331435549	-1.0071064998	-0.5476658341	-0.5118216318	1.1941332211	-1.3694079752
r486	0.3219393470	0.1069051246	0.3042505139	0.8912972126	0.9489166116	0.5767775017
r487	-0.0339924131	0.6010190802	-0.0597545108	-1.1700028312	-0.1899648488	0.8041818502
r488	-0.5604763415	1.6212744810	0.3158680889	-0.0073301335	-1.3758506061	0.3514576778
r489	0.8722262898	1.4893172199	-0.1505613076	0.7461396858	1.2117902001	0.1239435321
r490	0.6627288014	0.1535466245	-0.4618396866	-0.0982654408	1.4044221262	0.7740533343
r491	0.6956279284	1.3181687770	-0.6222590622	0.7925768045	1.3983477021	-1.6795191311
r492	0.9747165322	1.6494668777	0.0678135509	0.3622871860	0.9953948902	-1.5259304635
r493	-0.0156990909	-0.9512102991	-1.6317726027	1.8505637783	-0.1271671780	-2.1994929884
r494	0.8302377807	0.6536250591	1.0584536543	-0.8204332401	1.2787871477	-0.2067926408
r495	1.4745603047	1.1073290053	0.1264844105	0.0946773017	-0.6025701079	-0.9382244305
r496	0.1978454706	1.3516872722	0.4166468722	-0.4537162350	0.5925879920	-0.5507335324
r497	0.3249636623	-1.0891433059	0.9685539855	-0.0728002597	0.9566210023	0.1116169123
r498	0.6542574171	0.3780906652	0.1951578370	0.2977506469	1.4044857160	-0.2107207043
r499	1.0637428251	-0.2084903961	0.5880009454	0.2111299040	0.7554627611	0.8614946283
r500	0.0652969032	-1.5014658309	1.3448523441	1.2629569121	0.1524598924	-0.1986864742
r501	-0.2835556658	-0.6668115354	-1.5701335250	-1.3436700744	-0.9538839838	0.6500358442
r502	1.0360379837	0.7070535095	0.8712595584	-0.2187949095	0.8345922695	-0.3646755525
r503	-0.3464211623	-0.0941412685	-1.2587696217	2.1798894412	-1.0989286765	0.4513554859
r504	-1.2195444003	0.5096839495	-0.3646304928	-0.3763806055	-0.0752842283	1.1187412869
r505	0.5252654670	-1.1947173508	1.0692163312	-1.4871210891	1.3301452858	1.1709418671
r506	0.4716808360	0.0913854722	0.0303153248	-1.4747379847	1.2589961808	1.1125383278
r507	0.7260350708	-1.4178637404	-1.4885911366	-0.9646492158	1.3845242345	-0.4138491972
r508	1.1719278774	0.7219241816	-0.4159035971	0.1481396973	0.4164631078	-0.2924795836
r509	-0.7559698192	-0.7133656126	0.6450332458	-0.0994233748	-1.2961963248	1.1347158965
r510	0.3982642965	0.9948167525	-0.8904189070	-0.1150370272	1.1260980052	-1.3554422168
r511	0.1953918372	-0.7082486823	-0.1623180517	1.6549098330	0.5848695979	1.2656547488
r512	-1.1675725135	-0.3454303373	0.9876002382	0.3147019522	-0.2534889162	0.6924648744
r513	0.6569776543	-0.1454609989	-0.3956688613	0.0649422199	1.4045323318	-0.3567021837
r514	-1.0227800583	0.6252775165	-0.0753666673	-0.0558825916	-0.7180559012	-1.6762158021
r515	1.3699223698	1.0244870986	0.6942188018	-0.0128814744	-0.2605092087	0.3677402801
r516	0.8414384834	1.3075248003	-0.0496024341	1.7094690934	1.2622312336	0.3038215926
r517	0.3092196804	1.8400209538	1.0256890045	0.9106422328	0.9159406735	1.0827581150
r518	0.7744004804	0.1935094212	0.7433954447	-0.4180342123	1.3465013191	-0.7141189353
r519	0.4775836493	0.4217680361	-1.0883080388	0.4534480568	1.2679386670	1.4932376959
r520	-1.0442061894	-0.5070289057	-0.2606434547	-1.1943120201	-0.6538194343	-1.2673393160
r521	-1.0582477604	-0.3738638055	-0.8711373024	0.1882086800	-0.6106972056	1.2763009713
r522	-1.0185095459	-0.0889358756	-1.4807190315	1.1620906050	-0.7306198006	-0.6489940500
r523	-0.4993900645	0.1259509545	0.3813561219	1.0278516273	-1.3342003167	-2.4945762999
r524	0.4736103627	0.6275409482	0.7241642796	-0.5348142335	1.2619488420	1.4764525876
r525	2.2663662505	-0.8071621791	-0.7475172885	-0.3202733417	-0.9169917676	-0.2492415347
r526	1.5788129226	0.1907307012	-0.1961084405	1.8479299717	-0.9027249751	-0.5692699439
r527	-0.9521334051	-1.9187906970	-0.3010630048	0.6632435129	-0.9143980382	0.6577854944
r528	-0.3164435431	0.1044838572	-0.8436052977	-0.7252275762	-1.0329097128	-0.7977600698
r529	0.8911866843	1.0937155784	-0.3769031924	0.2192675224	1.1772243157	0.3593544676
r530	-3.2501966104	0.5002802468	1.5978334419	-0.1384355253	-1.3397019472	-2.9806590830
r531	1.5172988503	1.0327133411	2.0583574928	1.1251849959	-0.7317382096	-1.6446419913
r532	-0.2354990160	-0.0589597065	-0.6697639041	-1.2839490479	-0.8270690614	-0.7035836561
r533	-0.4764976985	0.1577356386	0.0240355405	2.4309745680	-1.3106033383	-0.9130312724
r534	0.8230633340	0.5171491847	-0.8222139301	0.2599978309	1.2888786140	0.7288002432
r535	-0.4714341431	0.2991968790	1.5170617363	0.9806931929	-1.3048075336	-0.5976667111
r536	0.9916225995	-0.9703401532	3.1107068982	-1.2207977838	0.9531836372	0.4109457767
r537	0.3865577978	-0.7176553489	0.4498117498	1.9606536041	1.1013669478	2.0328607779
r538	0.8466075712	1.2489067117	-1.4910062904	-0.4208179980	1.2542643498	0.5149775536
r539	-0.1601590442	-0.3385917037	-1.4366562456	2.2502328867	-0.6051583500	1.1340646901
r540	-1.0387350558	-0.6633650879	-0.0342812426	0.0732327081	-0.6704070687	0.2393813203
r541	0.6036133210	0.7557939208	0.9815159642	1.0317197145	1.3920560388	-0.5011963936
r542	1.9593322382	1.3334470680	0.4550906826	0.9182528979	-1.3814364993	0.1882010893
r543	-0.4028230435	0.2684994151	0.5530498384	-0.1900782338	-1.2063090027	-0.2662470031
r544	-0.3281564611	0.4301547221	-0.5369503299	0.9721825601	-1.0594097748	-0.1571790543
r545	0.4212577324	0.9027656966	-0.9344488563	0.7783869693	1.1719185384	0.1024533285
r546	-0.8722171108	-1.1312337596	-0.8806546954	0.5967499392	-1.1021878665	0.9155393015
r547	0.9319812927	-0.6166450248	-0.6762487867	-2.0629027402	1.0942181290	-0.1751660544
r548	-1.0893062289	-0.4851934184	0.3982438269	-0.4898065763	-0.5127262310	-1.1202596176
r549	-0.2292238884	-0.9559726965	-0.0755084730	-0.9084371805	-0.8095950815	-1.1601446006
r550	0.7163875769	-2.0363560255	1.1593387200	-0.6765442142	1.3897602053	0.7926069062
r551	-1.1415678823	-1.3535545414	1.2509088718	-0.8168748872	-0.3412050544	-0.5237389764
r552	1.6152952050	-0.2945281846	-1.4540105696	0.0206009776	-0.9943769397	3.2300218215
r553	-0.0239464049	0.0539151490	-1.2852376056	0.1144980713	-0.1555211137	-0.4538930209
r554	-0.1088380805	-0.5343452868	0.6282676726	-0.7338248192	-0.4412673113	0.3173526690
r555	-0.8394639725	-0.3571783072	-0.9345423176	1.2186703879	-1.1669629190	-1.6946456511
r556	-0.8998239771	0.7826443038	-0.9142878817	0.8885962702	-1.0418887825	0.2173691309
r557	1.0186808487	-0.0558899631	-0.5561974616	0.3098154477	0.8822081049	-0.0019448266
r558	1.0223092782	0.8389080285	-0.3147943734	2.2232767267	0.8723848749	-1.4232688195
r559	0.3827614110	0.1591213046	-0.6447694129	-0.8810478891	1.0931483151	-1.1005903499
r560	-1.5139792228	1.6341655663	-0.2812368887	0.1081847515	0.8747238811	-0.3767552582
r561	-0.6196545451	-0.5386319256	0.8856705735	-0.6867056027	-1.3859959762	-1.1235231867
r562	0.6895047401	0.6651704240	-0.6682251207	1.0881925185	1.4001793506	1.0948411231
r563	-1.4992555670	-0.2586712517	0.0002091628	-0.8471844066	0.8342204764	0.6777091595
r564	-0.2293120877	0.0521169331	0.8815304383	-1.1270368556	-0.8098420665	1.2971820394
r565	-0.8009573408	-0.1332562009	0.4259311030	0.5578731660	-1.2331840515	-1.0828291755
r566	0.2263640552	-0.4795582023	0.3284275937	0.7336857215	0.6806428687	-0.2589947819
r567	-0.0942401697	-2.1604910717	1.3147316400	0.9199738082	-0.3932020586	0.6739409327
r568	0.6783079506	0.5450621062	1.3183902496	0.8780949255	1.4027000683	-0.7935866485
r569	-2.6968135255	0.7846110065	0.3718143964	0.8449905352	-0.6089673835	-0.3577906767
r570	-0.7612300746	-0.2580870454	0.3977168886	0.7973872915	-1.2896519463	0.8657286487
r571	0.8972887537	1.1559767363	0.1471483451	-0.7248066178	1.1655476014	1.3961690011
r572	-0.4861258430	0.2096819043	-0.2915030838	0.9975367996	-1.3210498978	1.7990426206
r573	-0.6358827925	-0.0877010893	-0.8858845793	-0.7340897295	-1.3835391493	-0.2244368009
r574	-0.6608695355	-1.3863842549	-0.8451939777	-0.3487489490	-1.3753557306	0.0192526723
r575	1.3082689479	0.7633372452	0.9356495493	-0.8841199555	-0.0489900264	0.5670052455
r576	-1.0050917643	-2.2053020448	1.4576297850	0.6884432130	-0.7695495290	0.9698723178
r577	-1.8785954360	-0.3358975259	2.4617006866	-1.0950213172	1.4045314389	0.1070637999
r578	-0.2619431232	-0.4405224328	1.3249029234	-1.3492826345	-0.8984361592	0.2456153629
r579	-0.8181916002	-0.9268082191	-0.3721329749	1.6928671382	-1.2049094950	-0.2025957779
r580	0.4048686962	0.4320308709	-0.2031087969	0.1702655662	1.1396369440	-0.3618902526
r581	-0.2195641552	1.2014170701	-0.6587357950	0.6645732939	-0.7823107513	-0.8933097811
r582	-1.0958623659	-0.0133645372	0.9735037041	-0.5169203408	-0.4916307289	0.3985055114
r583	0.7857008239	-1.0232332162	-0.1565338672	0.2761047554	1.3348259964	-0.1373160233
r584	0.7730414035	0.6502173340	-0.0751210371	0.6622640291	1.3478350141	1.6549207147
r585	0.2596079354	0.7476668301	1.5786020397	0.0198342646	0.7790256937	0.4602604502
r586	1.2080252747	0.9929970907	0.2528795702	1.3134361082	0.2956004306	-0.1814195241
r587	-0.1143648451	0.5411094300	-0.4165175743	1.1813070696	-0.4593143895	-1.2879819466
r588	-1.0056404515	-1.5191599543	1.3895700675	-0.7072290979	-0.7679741844	-0.1484550457
r589	-0.4778455561	-1.1771605138	0.4422428453	-0.9516853902	-1.3121111310	-0.6033941369
r590	-0.8425894723	-0.3233669646	1.2375977460	0.4710954770	-1.1611095649	1.9022522040
r591	-1.4715292174	1.4016458061	-0.1169990114	2.9213525326	0.7550102763	-1.6836333916
r592	-0.2854942939	1.1620786558	0.4725389554	0.3866859277	-0.9587249381	1.1806471626
r593	-1.8986424311	-0.2657531202	-0.7365549487	-0.1416509404	1.4026748194	1.5354373992
r594	1.1896752260	-0.7951296810	-0.3646415353	0.4769458041	0.3573883438	-0.2817357475
r595	-0.7228556557	-1.2089250245	-0.0976878846	-1.0389481660	-1.3322593195	-0.1135048968
r596	1.3016533700	1.0812064700	0.2347328077	0.5276464645	-0.0261252635	1.1736602686
r597	0.2656521684	-1.0268216920	-1.1185667700	0.0536404238	0.7963710610	1.5304016970
r598	-1.5990409092	-0.1218544115	-0.8635599022	0.9515772239	1.0845767931	0.1584388781
r599	-2.4096930872	0.8893502862	-0.5233533026	0.1227020972	0.3579731620	0.7635233422
r600	-0.4918323659	0.1806244497	-0.7261915270	-0.1364146019	-1.3268844599	0.2484932976
r601	-0.1487824463	0.4885359567	-0.0479294209	1.7859721001	-0.5695928776	1.0410084160
r602	0.2878276979	0.2491886642	-0.7428977234	-0.1959279224	0.8584669944	0.1114149591
r603	1.9307639237	-0.1788857983	-0.7908336072	0.1607121108	-1.3862609416	1.4684107427
r604	-0.3833264240	-2.4987984748	0.6002298206	-1.0338372526	-1.1717744928	-1.2992688546
r605	0.8425537681	-0.6052791889	0.9242226068	-0.4990000502	1.2605296480	-0.5714886917
r606	1.6892998764	1.7538928655	-0.0161276180	1.0003920360	-1.1543998906	0.4913816436
r607	-0.1425786050	0.4512675563	1.9408035993	-0.2083374953	-0.5500028512	-0.4192499677
r608	0.4017901904	-1.0443787222	2.3807316386	0.5854879961	1.1333635070	-0.1516341760
r609	-0.1227994081	-0.1113586202	-0.1255265245	1.0912557324	-0.4866860818	-1.3616592761
r610	-0.2992908774	-0.0655441638	0.7806075612	0.5635333630	-0.9925247772	-1.1831254492
r611	0.4810530008	0.5061093657	-0.7294888556	0.2207209151	1.2730690067	-0.4334200255
r612	0.2852580550	-0.7680952174	-0.9174889932	0.3261471128	0.8513993408	-0.9655995348
r613	0.8196079166	0.2626455942	-0.7447653530	0.1191550658	1.2935948022	-0.1135247643
r614	1.9969773378	0.0011838713	-1.2238130449	-1.2977915689	-1.3644494615	0.7238445625
r615	0.4217485803	-0.6532977142	-0.1318944793	-0.3406340252	1.1728560418	0.5139551739
r616	-0.0727171541	-2.0313816323	-0.0174024621	2.0652081638	-0.3213932327	0.7406146697
r617	0.6167376194	0.4996019127	-1.4112470688	0.3739249789	1.3973794691	2.1466956024
r618	-0.7900787136	0.9585927005	-0.2969061386	0.5189661336	-1.2498682252	1.5916535427
r619	0.1211503831	1.3471972005	0.4969444543	1.4659532504	0.3426041787	-0.0954134575
r620	-0.3864176816	-1.5473717626	0.6387394551	-0.8833759243	-1.1774360621	-0.4945113772
r621	-0.1269044359	0.4544852381	0.1510749853	0.7809955095	-0.4999300228	2.5403450460
r622	0.4403941865	-1.1821124933	1.4689682938	-0.1968837705	1.2071810308	-0.3669261143
r623	-0.4292946527	0.0207125461	-2.0828998453	0.5476369669	-1.2486436369	-1.4243882564
r624	0.1350446102	-0.7634477356	-1.1964899322	1.4597980018	0.3890532719	-0.8992815716
r625	-1.8481453814	1.0605920964	-1.0716081580	-1.3127734842	1.4007651529	-0.4033519966
r626	-1.5683623824	1.1713400624	0.1225831315	0.7002274249	1.0139358469	0.0035615313
r627	0.8881764352	-2.1014224104	0.9936988818	-0.0272467294	1.1828864009	-0.0885927165
r628	-0.9345964744	1.0726362858	0.0993666403	0.6927339648	-0.9589783835	0.1523425967
r629	1.6695509867	0.6601147473	0.6677219067	1.4964265064	-1.1153138550	0.2412528784
r630	-1.4860700452	0.1064836788	-1.9980069357	0.0243883954	0.7970144110	-2.5019342097
r631	1.6157747104	-0.8799919687	0.9986525420	-0.6131778835	-0.9955285644	-0.8406611237
r632	0.9947702867	-0.0571177740	-0.0016508777	-0.8380298380	0.9451392225	0.7874560907
r633	1.6440962352	-1.7990471555	-0.6738851122	0.2772046372	-1.0609772045	0.2161864558
r634	0.8878636379	3.0982082745	-0.4980155718	0.3423578078	1.1834710114	-1.0391061591
r635	-0.2292586279	2.1100909755	0.9368989648	-0.3308823956	-0.8096923673	-0.1510751786
r636	2.1110501277	1.1399203979	-0.8914076407	0.1936266851	-1.2411827901	-0.5323616483
r637	0.6435171882	1.0990543064	0.8989703011	-0.8799224704	1.4036822816	-0.2419379821
r638	-1.3186692693	0.2516379900	-1.3314679532	-1.3870231193	0.2659811566	-0.9529965532
r639	-1.1808106812	-0.2900177935	0.1900985506	0.2460310441	-0.2083935142	0.3127005049
r640	-1.1714866235	-0.0498418172	-0.1361616752	0.6115578018	-0.2401828677	0.6665506667
r641	0.3670092505	-0.0419757767	-1.1884462582	0.2370386326	1.0580304165	0.1380038248
r642	0.6709094781	0.4972118974	0.1833072902	0.2105241382	1.4037770673	0.4741079294
r643	0.5522192736	0.1587240275	1.3475946131	1.0990931556	1.3572038366	-0.2203778743
r644	1.1797381328	0.1043398423	-1.9826041309	-0.6971768095	0.3905558256	0.7943544039
r645	2.3960503270	0.2345711162	1.0936892040	0.5859741420	-0.5398396602	1.5965846857
r646	-0.9801590598	0.4667568681	1.0348474369	0.1476071065	-0.8395702346	-0.9287401271
r647	-0.9099986476	-0.1025836335	0.3668257898	0.5046321469	-1.0184094256	2.3889014722
r648	-1.2126034831	-0.1808456458	-0.4946897043	1.1100108696	-0.0992295454	-0.8691996139
r649	1.3146981429	0.2742562102	-0.8621135759	0.0880728379	-0.0711957155	-0.4668155240
r650	0.0137320370	-1.0097283050	0.4979668513	2.2834110777	-0.0256031197	-1.1192214646
r651	1.2372224196	0.0686809479	-0.1371409454	0.3350721497	0.1961195467	0.4978561434
r652	-0.5287230692	-0.0289257456	1.4439494163	0.5787101847	-1.3581102854	-2.0445753816
r653	1.5394689952	-0.1925524303	0.6701953283	0.7566390942	-0.7955602848	-0.3711447037
r654	1.9355865503	-0.3290995083	0.0186871782	-0.4204863551	-1.3859367511	-0.9644452652
r655	-1.0432143608	-1.0359306991	-0.2293569959	-0.3098842606	-0.6568356383	-0.0025757612
r656	1.0279299506	1.5896386572	0.6300353284	0.1697388595	0.8570305343	0.7383373857
r657	-1.3232495516	-0.2220539216	-0.8541209101	1.6471157847	0.2815329279	0.7876236606
r658	1.2179365747	1.4814686965	0.6492433205	0.0921413329	0.2619727029	-0.4049315958
r659	-0.6254045775	0.7442051831	-1.4993146594	0.6682630247	-1.3853834006	-1.0622198593
r660	-1.7023203506	-0.9212427994	-0.9152214329	-0.9357718924	1.2746394966	-0.8521601242
r661	-0.8415559576	0.1409886094	0.2094401463	0.4097993202	-1.1630528902	1.0421427736
r662	-0.3175676719	0.9884654283	-1.2890062369	1.4597671813	-1.0354914558	-1.3470772046
r663	-0.5458286346	-1.9267773488	0.7428643845	0.6796257164	-1.3687265911	-0.3262344986
r664	-1.0761961551	0.8202745571	0.2288904839	1.5390584218	-0.5544915343	-1.1812617216
r665	0.7687797861	1.9285651809	-0.8213206470	-0.4432176933	1.3519185052	0.4414232191
r666	-1.1953850053	0.2203422094	0.2719651086	-0.5424338913	-0.1584777823	1.2586641300
r667	0.5086834801	-1.0254913459	1.2775039976	-1.3528668791	1.3105627112	-0.9871164858
r668	-0.1713566394	0.9870442837	-1.3996256339	0.6224369652	-0.6396876432	-0.3082730869
r669	-0.0380417484	1.7518740650	0.3459551961	-1.0060723739	-0.2038147128	0.4141764994
r670	0.0682931836	-0.6178300378	-0.8984196855	-0.1540940562	0.1627626492	-0.3364105991
r671	0.0340421058	-2.1579082232	1.5874609830	0.2137235932	0.0446251449	-0.3657385783
r672	-0.3289159218	-0.4309904733	1.1748222228	-0.3320667348	-1.0610971881	1.0703035629
r673	-0.2604281258	-1.2297948678	-0.5712586341	-2.0606665214	-0.8944498645	-0.3468060727
r674	-0.4626708582	-1.0618619693	-1.9659343356	-0.8176674097	-1.2942886770	1.9108249760
r675	1.6936194303	-0.1083764244	-0.8295491063	-2.1386132819	-1.1625807114	0.5302296104
r676	-0.3425595689	-0.5941995025	-0.9035093231	-0.8116169866	-1.0907599803	1.6015239813
r677	0.2864750542	0.1367187815	-0.3248107095	0.6105046028	0.8547509018	0.1096336828
r678	1.3913183497	1.8131385987	1.5989340123	0.8666271484	-0.3326934614	-0.1892365650
r679	0.5688261186	1.1132424598	1.1637905351	-0.1895297215	1.3708882914	-0.8031703088
r680	-0.7944764920	0.0776061375	1.4457064110	-0.3448106642	-1.2432330083	0.9501955770
r681	-0.6950234959	0.9357684733	1.8284183436	-0.8719945657	-1.3555956012	-0.6962994969
r682	-0.4182913847	-0.9937695417	-0.6600784073	-0.5594551204	-1.2316938627	1.5747660785
r683	-0.3402446117	-1.1377569314	-0.0251010025	-0.5882069943	-1.0858146546	-0.2607971982
r684	-0.1275739265	-1.4059048483	0.6861178192	0.5909548362	-0.5020850227	-1.4559378061
r685	0.6375938005	-0.2668252117	-0.4064427463	1.1191192153	1.4028164486	0.6604478456
r686	-0.0461185179	1.1100704859	0.5079645686	0.6736747949	-0.2313741322	0.5383194853
r687	-0.8679908281	-1.8513790166	-1.4846454200	-0.5248821222	-1.1109667541	-0.3075683427
r688	0.7488100210	1.5242155272	-0.2987893809	-0.7149504564	1.3690513158	-0.0302293259
r689	0.6300695721	1.1457399651	1.5044004249	0.7038990701	1.4012836270	0.3085667151
r690	-1.0111746658	-0.3105520683	0.6263466071	0.9026956584	-0.7520049832	-1.4408542683
r691	-0.9425967229	0.3046912286	-1.0070675594	0.1939152595	-0.9388628480	-0.6089320448
r692	0.9672991555	-0.4945931349	0.9021803063	0.2701311361	1.0133726097	-0.0506460324
r693	-0.3721019525	1.1572528280	0.9268489341	-0.9148943126	-1.1506369777	0.6867378835
r694	0.6464080967	-1.1062273826	-0.9947988147	0.7230642244	1.4039957428	-0.0910621228
r695	0.8205748229	0.3438762224	0.0690495819	-1.6210685056	1.2922845787	2.0799773527
r696	-2.2172602792	-0.9833787133	-2.1780538047	-0.3446527335	0.9392316570	-1.2081209052
r697	1.7623069246	1.3062244357	-1.3486895221	0.3414541758	-1.2740481374	0.9023359812
r698	0.2505396045	0.7863067599	0.5366157536	-0.2220314296	0.7526791816	0.1063529534
r699	-0.4059153528	-1.0105429576	-0.8630281845	-0.8822860077	-1.2115277833	-0.2681333866
r700	0.3826022244	-0.7368304617	-1.1987956486	-2.0960618662	1.0928015978	0.7344307580
r701	-0.5969928597	-1.0982133565	0.2331350214	0.7342897774	-1.3856517784	0.8694953278
r702	0.6676969468	0.4709361358	1.0441159528	1.0904335451	1.4040987499	-1.0174643768
r703	-0.4859872274	0.3277188417	-0.5497929616	0.1874639362	-1.3209048580	-0.4763943493
r704	1.4587995369	-0.5688991517	0.4120216939	1.5617546820	-0.5531270946	-0.1797982158
r705	0.8810872094	-0.3501199069	-0.5843100186	-0.6403993214	1.1959621633	0.4161205891
r706	0.5313904054	1.1518354250	-0.1295230406	-0.9090230058	1.3368161039	0.3875166652
r707	1.1592194571	-0.7343869790	1.1079614524	0.3361908376	0.4582875209	-0.9258686453
r708	0.3426270863	0.8853352554	0.6518627796	-0.0131827014	1.0005413110	1.9997199042
r709	-0.1753623533	-0.9732575433	-0.2903626278	-0.5320038927	-0.6519198607	-0.5489892766
r710	1.0683265633	-0.4197319818	-0.7241171748	-0.3821158543	0.7420215418	-0.0948578812
r711	1.5062950360	-0.3794345270	-0.2431174280	-0.3819560918	-0.6992186469	-0.3631150366
r712	1.2740543965	0.3351519026	0.1405968315	0.6097697867	0.0692942524	1.0436957117
r713	1.6758214759	0.9494387720	-2.3313716433	-0.0452043964	-1.1280204255	0.0290843396
r714	0.0445800129	1.3018868809	1.0398131030	-0.2529160237	0.0810389336	0.2483427719
r715	0.4452070072	0.3974717338	0.3256294352	-0.5068363420	1.2156285640	-0.3518625408
r716	0.7189119793	1.2029411854	2.1658569320	1.5352059292	1.3884662568	-1.1294387130
r717	0.4749746175	-0.2130050822	0.2438436204	-0.4080760281	1.2640192118	0.2281227583
r718	0.7993603450	-0.9089837437	-0.6060667321	-0.5069828022	1.3193262829	0.7890028340
r719	0.3542159985	-0.4308986481	0.5858009083	2.0282970234	1.0283304612	-0.7539365097
r720	1.7354552717	0.2425954196	-0.3043188530	-0.9477365082	-1.2347332144	0.3795544300
r721	1.1714250861	1.9845993749	0.6278623554	-0.4832709965	0.4181257844	2.6635060566
r722	0.0953823940	0.0010425217	-0.7453316904	0.9762770612	0.2554557749	-0.8163592374
r723	-0.0826785784	0.0648369803	1.1505442189	1.4152990465	-0.3547575566	0.3992953330
r724	-1.8435076026	0.2799946449	-0.3048417625	-0.9584288091	1.3994953100	0.5071818012
r725	-0.4952202437	1.0465849480	-0.6183854270	0.4762684988	-1.3302220346	-1.1000782405
r726	-0.7921121709	0.1079028196	0.0146709438	-0.8682922625	-1.2468187527	-1.5875147669
r727	-1.7872788245	-0.9414340786	0.3274349698	-0.2367791472	1.3695624262	-0.5740477001
r728	-1.0074304991	0.8742253290	0.3323180562	1.5357662374	-0.7628247761	1.5359344415
r729	0.5865323936	-0.5795729567	-1.2339904490	1.2669650902	1.3829379906	-0.5556611772
r730	-1.3998750994	-1.9978788320	0.0498716948	0.5141744090	0.5349607951	1.1153604723
r731	0.0674771266	-0.9599690756	2.2909299778	0.4240031136	0.1599574403	0.4116030369
r732	0.6427198195	0.0902337005	1.4970125005	-1.2465057805	1.4035832282	-0.9883975463
r733	1.2686212946	-0.4901137616	-0.3091114847	0.3854347783	0.0880593161	0.0764628752
r734	-0.4104483860	-0.7334599922	-0.7982286130	-0.1431300475	-1.2190483846	-0.5702695160
r735	-0.8729324967	0.4215151822	0.6046786208	0.8837964404	-1.1006897684	-0.1758148308
r736	0.4977909595	-1.0009325638	0.0396502700	0.2313169188	1.2965011076	0.2429011848
r737	0.3102907238	-0.3687979507	0.5579116925	0.5326374572	0.9187525720	0.3848932113
r738	1.3157569446	0.4324378725	0.7437144465	-0.7659798908	-0.0748508892	1.0053028489
r739	-1.5716272814	1.4299147211	1.6948531441	-1.3103583481	1.0217371408	2.5472331610
r740	2.6088870395	-0.4260486753	1.8953584784	-1.3758383209	0.1805091424	-0.0287155753
r741	0.5266056137	-1.3089299705	0.6720269715	1.3552985362	1.3316309376	1.9298652587
r742	-1.1101092841	-0.3777221960	0.3144807683	2.3484008993	-0.4453407001	0.9671607455
r743	1.4406190561	0.8370457292	-1.3050337723	-0.3758167791	-0.4950329586	0.2279781833
r744	0.2416615363	0.7759863137	1.2560533901	1.0142090378	0.7265215671	0.6211590497
r745	-1.5882124706	-1.3464936351	0.1229500432	1.9076843966	1.0603322605	-0.2055655454
r746	1.2439375366	-0.4357357764	0.2638786386	-0.8182701906	0.1730822450	0.7436799126
r747	-0.8147466255	-0.3863653900	-1.1385973690	0.3086906149	-1.2107400870	1.2506350587
r748	0.7217392796	-1.0584815979	-1.4002490073	-0.9269005710	1.3869529645	-0.6144177964
r749	1.5597105359	-0.8475550604	-1.1457312661	-0.0649989831	-0.8517146190	1.3078365104
r750	0.6289126768	-1.4787393798	0.7096738268	0.4036397324	1.4010049980	-0.3454119233
r751	0.3622975060	0.0107757096	-0.0992346173	0.3130568075	1.0472130229	0.8485829135
r752	-0.7466260568	-0.9630090727	0.3938395066	0.4742168004	-1.3072734712	0.5837213479
r753	-1.7538625229	-1.1968391073	0.7945166257	-0.1280330136	1.3392208485	-0.3830702920
r754	-1.3728763852	0.0741921313	1.0144476925	0.7336802565	0.4473662096	-0.5851843558
r755	-0.8029720349	0.1113475808	0.4176842258	-1.6535111550	-1.2299947325	1.0480417547
r756	0.8358266908	0.3219687300	-0.3355917543	-2.4822545292	1.2706475972	2.2890553285
r757	1.1262206024	-1.3446468458	-0.7052567009	-1.1042362575	0.5647072305	0.7571191675
r758	0.4192589249	-0.9505731483	1.9485142997	0.7130243872	1.1680831270	-0.1238311966
r759	1.4075137311	0.3260039632	0.8094734875	0.6865572100	-0.3867043799	-0.3892708797
r760	0.2806615588	-0.8086352531	-0.7181955460	1.3744759876	0.8386719378	0.6226441931
r761	-0.2989461136	0.4855306319	1.7982085389	-0.1971037185	-0.9916942511	0.3315112955
r762	0.2587953532	-0.9143847220	-0.1911790004	0.1016620830	0.7766805367	0.2103557756
r763	-0.2752496550	-0.5964810911	1.5724271707	-2.5814719157	-0.9328928059	0.2472779864
r764	-1.0661250177	-0.4853872695	-0.5727073340	-1.6163435627	-0.5861738945	0.7140364150
r765	-0.9183453019	0.9343956252	-0.5498627248	-0.7272816726	-0.9986600580	0.6902146652
r766	0.9331206463	-0.9693167780	-1.7158643744	-1.1958900730	1.0917365660	0.1859048360
r767	0.5515032322	0.6646686340	-0.1096989768	0.2950078143	1.3565622801	0.4821745346
r768	-1.7728254087	0.3501372733	-0.6330981729	1.5820731771	1.3575725004	-0.5855526223
r769	-0.1025815269	-0.6428600499	0.5350057447	-0.1417254207	-0.4207354179	-1.4181644406
r770	-1.1062871457	-1.0977736941	1.3840027637	-0.1251321948	-0.4578173073	0.9275555426
r771	-0.0329846931	-1.3229184616	-0.2153566507	0.1762061714	-0.1865149942	-0.5495340931
r772	0.5732468675	-0.7746539391	0.4933279068	0.7505962686	1.3741433033	0.0210079723
r773	1.0354675197	0.7504012908	-0.1868520850	-0.9313532114	0.8361819838	-2.0261911707
r774	0.7308524180	0.0556924397	-2.7425562577	-1.3170905219	1.3816152291	0.3064445481
r775	-0.4061042508	-0.6027690039	-2.1112413056	-1.4333189810	-1.2118442598	0.2903445481
r776	-0.6814025127	-1.6131420547	-0.0852336529	0.2171780357	-1.3646569162	-1.0701970923
r777	-0.6574481822	0.0651034009	-0.0749884430	-0.6925280890	-1.3767907305	0.1851077746
r778	-2.1505230604	1.1127128849	-2.0593698344	-0.4285727234	1.0977981689	-1.2533116975
r779	0.0413777416	-1.6915291722	-0.1899697882	0.2780388271	0.0699775195	1.2079796721
r780	-2.1275814608	-0.8314843790	-0.4691196060	1.1923567759	1.1456404006	0.9179252643
r781	1.7400944068	-1.1465551207	-1.2640092205	-0.8865026154	-1.2419242126	1.1497488956
r782	1.9064074359	1.2161203339	-0.7155156534	1.4697496852	-1.3848533320	1.6260696966
r783	1.5419867766	-0.5402587664	-0.3336893653	-0.5219241087	-0.8026583108	-2.1056097870
r784	0.2586091034	-0.8588498203	-0.8507188220	1.3346490304	0.7761425706	1.1538135814
r785	-1.5053634193	-1.4126575577	-0.7743819908	0.3619070454	0.8511590492	-1.2005006907
r786	-0.0097137806	-0.5745741249	-2.7553481622	1.2236486254	-0.1065536053	0.2156620137
r787	0.4741655533	-1.3611144370	-1.1411062237	0.8189845562	1.2627931192	1.3920583620
r788	1.4631883677	-0.0935357447	0.6995529341	0.6190722965	-0.5669846722	0.8930413419
r789	0.3204281619	0.8126194515	0.7385596873	-0.6092434616	0.9450470867	0.4226643799
r790	-0.4196795494	-0.8444646131	-1.3345207122	0.0524420460	-1.2338833514	-0.1430865476
r791	0.0662088864	0.4706554133	0.0643138338	-0.3199622776	0.1555966240	-0.3721750090
r792	-0.9447160083	-0.1988224150	-0.6021012451	0.2983668804	-0.9334714426	0.0722465824
r793	-0.7240034341	-1.6434931849	-0.6903654026	1.4508522149	-1.3311591341	-1.2325491243
r794	-0.9891672837	0.1308123572	-3.0172599858	1.6569983255	-0.8146316081	-1.3064638771
r795	0.2656524037	0.5752370048	0.3537637630	0.4998638920	0.7963717329	-1.5984777206
r796	-1.1341988588	-0.2306725199	-0.7081784454	1.2865157761	-0.3658127386	-1.4960733068
r797	-0.5088696938	-0.9712034996	0.4977046692	-2.0213939701	-1.3427101619	-0.2480477392
r798	1.6602026236	-0.8943950209	0.5043420698	1.0288176037	-1.0958671018	-0.8983513910
r799	1.3451361261	1.2052987478	0.1669933248	0.9074707133	-0.1759533026	-0.1116558479
r800	-0.8408658863	0.0920344614	-1.1674091137	0.3018274960	-1.1643461564	-0.0265398425
r801	1.6700394132	-0.8088428163	-2.1631484679	0.8218375993	-1.1163133966	-0.9502680169
r802	0.2595077877	0.1918748088	0.5719118938	-1.1073925164	0.7787368305	-0.5181789372
r803	-0.1155507326	-2.1226591345	0.1120239919	0.1957029860	-0.4631754488	-0.5289286442
r804	-0.0700450994	-1.0619751009	-0.2088001916	-0.4953649248	-0.3124084790	-1.4719383011
r805	1.0082599920	0.6388309149	0.8777895760	0.6979002560	0.9100251876	-0.3147172193
r806	0.2483572025	-0.5705002642	-1.3091129093	0.6629950633	0.7462820105	-0.5439243483
r807	-0.3330217688	2.1073305205	0.5922161668	0.6377255554	-1.0701539997	-0.9882146307
r808	-0.8870496322	0.9962254598	0.4359360679	0.8847583573	-1.0704194557	0.2275669996
r809	0.1372283680	-0.7796661230	-0.0947050541	-1.1134319743	0.3963141208	-1.7560888744
r810	-1.6540561391	-0.3204943380	0.4736496179	0.6506138745	1.1954462043	-2.7028450044
r811	-1.3225584241	1.3934588644	0.6854253869	0.3120016065	0.2791884912	0.7648411856
r812	1.3258272104	0.8470914483	-0.6891203141	0.6058785904	-0.1095828095	1.2817270641
r813	0.3600156160	0.5769016870	1.1320209539	-0.0791676206	1.0419232137	1.7597125667
r814	0.6872140680	0.1615355161	-1.3062245093	0.8661202782	1.4007822607	1.7950061101
r815	-0.2233176397	-0.1465832513	-1.1130680180	-1.2908752508	-0.7929673638	-0.5963723088
r816	-0.1903036129	-0.1850966525	-0.5854887832	-0.4429569764	-0.6969616908	0.1150733040
r817	-1.3373869693	-2.4992799169	-0.0601067074	-1.2137010307	0.3293046004	0.2582459561
r818	-0.9931587309	0.8862675793	-0.5881046940	0.4513783700	-0.8034495923	0.4021560415
r819	1.1732635500	1.6934005143	0.2935080351	0.5080637023	0.4120431178	-0.0851317377
r820	-0.6955241584	-0.5146381604	1.2092142357	1.8506761141	-1.3552328443	-0.1504234878
r821	-0.8337037050	0.8359037468	0.5509181201	-1.9420415935	-1.1775655063	1.6829258783
r822	0.9454662684	-1.4814977204	0.1256939645	-0.8984990752	1.0642979992	-0.8929700286
r823	0.3330816837	0.6478186725	-1.6242423679	0.0389867215	0.9770371492	-0.4223996497
r824	-1.0738955816	0.3097221044	-0.7818582371	-0.6428370102	-0.5617604597	0.7248544669
r825	-0.9849708398	-0.4529340780	1.0341064100	0.3922742440	-0.8263009947	0.5138054848
r826	0.5717667902	0.0847939815	-1.9052260932	1.1402553881	1.3730717421	1.0807066794
r827	0.8064937305	0.0585313591	0.0524009555	-0.8652562990	1.3106340097	-1.8703170084
r828	2.7957577983	0.8613737738	-0.2118322043	-0.5180821692	0.7811096320	1.0258622441
r829	-0.6934675441	1.5819655197	-0.3100686241	0.3777491954	-1.3567095600	-0.0361856340
r830	0.4326545417	0.6118441958	0.2504507763	-0.1349876788	1.1932394020	-0.2689373260
r831	0.5331550554	-0.0030095450	-0.4784904450	-2.1105307990	1.3386813323	-0.9347110216
r832	-0.2217608697	-0.1301299675	-0.6751394868	2.1926453163	-0.7885558683	0.2566895163
r833	2.1415998057	0.0373807428	1.0415838966	-0.5549933464	-1.1907221194	0.7810718601
r834	-0.6671197617	1.7894840995	0.4252359851	2.5899407677	-1.3724773364	0.4402964536
r835	0.2190531111	1.3648237991	0.1934351310	-1.1510639796	0.6583716911	2.2448119898
r836	-0.1015659737	-0.7064621016	0.5050552610	0.7566229004	-0.4173928387	-0.3185129953
r837	-1.1462505442	-0.2087168662	-0.3563576078	-1.5863873985	-0.3255068310	0.5092853457
r838	0.9566727302	-0.0118529690	-0.6875278180	0.0801796080	1.0385354147	-1.3078915374
r839	-0.7859694559	-0.0392093691	1.8592141951	-1.2459122329	-1.2559330113	-0.2450365131
r840	-1.8900013728	1.6202449554	-0.4725017881	1.5929735722	1.4038972317	-1.2419038275
r841	1.0138470341	-0.0253863729	1.0318467750	0.4851372427	0.8951848639	0.1365624358
r842	0.0527329286	0.4773499539	1.3417204443	-0.2466801173	0.1091789854	-1.2416501858
r843	0.9336376762	-1.1091126391	1.7276167039	0.3361336603	1.0906076037	1.4025264757
r844	0.2094628607	-0.9214140473	0.7931607057	-1.9180416030	0.6288351187	-0.0895345091
r845	-0.3879514869	-0.1446283616	-1.9583519876	0.8636455278	-1.1802193674	0.1791054932
r846	-0.5758093547	1.1049287783	-0.6462210664	-0.5623158881	-1.3813531198	-1.8177514235
r847	-0.2004805924	-2.0954797656	1.4814444936	-1.1130666408	-0.7270907246	-0.9782617721
r848	1.6399301686	-0.9133678760	0.6427508517	1.2912931998	-1.0516728473	-1.1310627619
r849	-0.8850737427	0.7778626699	1.1684094942	-1.3289422539	-1.0747365831	-0.7141287572
r850	0.9896581336	-0.5899978774	0.0049353298	0.4285675940	0.9581750592	-0.0059278794
r851	0.1732153288	-1.0214436277	0.5010757919	-1.2546512767	0.5141781757	1.0297333709
r852	0.1381481018	0.4360904127	-1.4834345859	-1.8907576260	0.3993687926	-0.7338157830
r853	-0.2081401228	1.5531979671	-0.4996755967	-1.4790842408	-0.7494590501	-1.0278661722
r854	-0.9249724498	-0.0905814346	0.4789609191	0.7908587070	-0.9826718115	-0.6412260938
r855	0.3606912670	0.4347061404	0.1226432552	-0.6928112742	1.0434929372	0.2557072892
r856	-0.3007301487	0.8658166622	-0.9732807452	0.7142455909	-0.9959840369	0.1250579739
r857	0.2042950790	0.4135436820	0.5718992991	0.8253957485	0.6127729009	-2.0483351775
r858	0.8140998633	0.6339164952	1.0079803255	0.4448893123	1.3009176948	0.2190371740
r859	-1.0926375553	-0.8756358196	1.7663525314	1.5326850461	-0.5020239768	-0.4372826319
r860	-0.1870699889	0.2744544886	-1.3898790719	-1.1573347980	-0.6872935905	-1.2039387837
r861	-0.1649257260	0.0063329989	0.9154612365	0.4219053986	-0.6199164207	-1.1437791757
r862	1.1038670827	0.2567333421	-0.7354622595	0.0631777738	0.6347288658	0.1051885227
r863	-0.6207754558	-1.1385483220	-0.0622820730	0.5499603148	-1.3858987849	-0.8342457612
r864	-0.6705564201	0.8643110436	-0.4571825077	-0.8530466278	-1.3707533937	0.0639495806
r865	-0.4539775631	-0.7360066685	1.9399288902	0.3979434083	-1.2832464955	0.6334763085
r866	-0.5901880700	-0.1918661730	-0.2147028449	0.7216908393	-1.3846895017	-1.5777885400
r867	-0.4812199319	-1.0306419433	0.9507801697	-1.2384305925	-1.3158212251	0.2243298298
r868	-0.0642511756	-0.9887435379	-0.8437152581	-1.4986923684	-0.2928785835	0.4263954109
r869	0.9710569970	-1.3093952346	-2.0046021443	0.1051251806	1.0043066448	-0.8325619394
r870	-1.4493779821	1.5464674481	0.6550658124	-0.4847264024	0.6891791381	0.0685737845
r871	-2.5134135164	-0.9091512541	-0.3635136472	-1.7476481196	0.0030315759	0.9161545918
r872	1.4401775024	1.6072768098	0.1477283722	-1.5627273584	-0.4936088053	0.2495850714
r873	0.4859613010	1.7642773949	-0.9267087889	1.0094369099	1.2801675218	-0.2695148884
r874	0.8292525409	-1.6395955140	-0.6958891300	-1.7259064391	1.2801968176	-0.3398666453
r875	1.5227822514	-1.6507315919	1.7414662905	0.9723134346	-0.7477391545	0.7657322703
r876	-1.7211955164	0.2125406030	0.5239463730	0.5348595836	1.3007456632	-0.1940483129
r877	-0.1574075211	-0.6355365144	0.1279860562	-0.0116038330	-0.5966002412	-1.3240936047
r878	-3.0355961654	0.6695357080	0.5651738924	1.0747116061	-1.3349278488	-0.4891148731
r879	1.3506076726	1.2286421346	-1.5860409139	0.8482261053	-0.1946901967	1.8398868822
r880	0.8883367479	-0.1759185167	-0.3666403729	-1.1311042507	1.1825865069	1.3743362919
r881	-0.0372999232	-0.8991766352	0.8086868881	-0.2840683769	-0.2012790252	0.2041624739
r882	0.6466097202	1.5137772000	1.2377116163	-0.3710499004	1.4040149343	-0.2869494085
r883	1.6342966619	0.8476919854	-0.3452803464	-0.3746266794	-1.0389115313	0.0803636573
r884	1.1239238619	0.0821535787	0.7073137976	-0.8843770709	0.5719839496	0.3317716529
r885	-0.8390003686	-1.3197797974	-0.3497398189	1.1200320814	-1.1678251439	0.7224593853
r886	-0.2981816908	2.3206703894	0.5269496065	1.4038692831	-0.9898501736	-0.2134921429
r887	1.3513422269	0.3387217292	-0.3514811626	0.0872350655	-0.1972028450	0.8248512740
r888	-0.9739522344	1.9899902589	-0.5693299417	0.0736156260	-0.8565080490	-1.1955697587
r889	0.9796904022	0.1218014359	-0.8730853335	-0.1762073764	0.9831525367	0.1393501227
r890	0.6877958477	-0.1274520517	1.3730505362	-0.2176893313	1.4006333829	0.5449263061
r891	-2.5709636879	0.2135990529	-1.2069156875	0.5787524469	-0.1952495460	1.2328422028
r892	-0.1335904721	0.3101845674	-0.2159442181	-2.0888637006	-0.5213876239	0.3829446458
r893	1.4462727697	0.7425358476	-0.3997400455	0.6089631397	-0.5132140789	0.4591118607
r894	-0.1857506005	0.2212195446	0.1888910547	0.5630200128	-0.6833359165	-2.3831925681
r895	-0.1300072440	0.1755179005	1.0749139268	-0.7145310725	-0.5099056489	-0.2937675867
r896	-2.3213560471	-0.7937446583	1.4541254977	-0.4518963315	0.6430717281	-1.2899213096
r897	1.0659302367	2.2601883383	-0.2280432201	1.2485183502	0.7490603666	-0.4027357554
r898	-0.0516316718	0.8430856420	0.5174786492	-0.8406959581	-0.2501313779	-1.9182380430
r899	0.0425457359	-1.1524046286	0.2365727932	0.4468109413	0.0740125334	-0.9138884207
r900	1.5359508601	0.0664798782	-0.4117443046	1.8171776219	-0.7855896976	0.0819465043
r901	0.3644138390	0.2746014630	0.5162675035	2.1314623862	1.0520893747	1.0772005179
r902	-0.5269437473	1.1121690378	1.7878853324	-0.5718385778	-1.3568645645	-0.3087599882
r903	-1.0045606068	-0.4489325615	-0.1732711660	-0.4815143310	-0.7710731726	0.7920231123
r904	0.5870654892	0.6983668172	-0.8909780524	0.3633754792	1.3832598705	1.8126646833
r905	-0.3378203377	1.4889550354	-0.2291331657	0.4921712404	-1.0805971769	0.8477967626
r906	-0.6512902851	-0.5206492970	0.0918318753	-0.4999215173	-1.3791224187	0.6668369858
r907	0.3283409071	2.0468568772	1.1960999927	0.0661875925	0.9651615516	0.5630204515
r908	1.0333496854	-0.2994298775	-0.4461737505	1.6860549233	0.8420692769	-0.9283900826
r909	-0.0532848671	-0.6288048750	-0.2791292353	-0.3462617772	-0.2557467265	-0.7384378824
r910	-1.0070958386	1.8894288337	-1.3995436807	-1.4926431198	-0.7637886472	0.4726057650
r911	0.5130094015	0.8660714502	-0.6935374714	1.2465005012	1.3158846877	0.3610497268
r912	0.5384337095	0.3782552218	0.1002990364	-0.8517526475	1.3441089181	-1.1546323044
r913	-0.9008826313	-0.7173416933	0.3394835299	-0.1714957300	-1.0394766917	2.6900736515
r914	-0.8949839103	-0.9779993823	1.1265046781	-0.0557840520	-1.0528242471	-1.2617783619
r915	0.7181118746	0.0248658307	-0.2576761276	-1.0491166117	1.3888822173	0.5754494125
r916	-0.6655820835	-0.0133774387	1.5221528923	0.5477092493	-1.3732162460	0.1765951679
r917	0.2122925868	0.1351368486	-2.8036009520	-2.2198890358	0.6375874197	-1.1314405914
r918	-0.8572494333	1.4077083518	1.4342842717	1.2604107673	-1.1327237903	-1.5166499104
r919	0.1784954745	0.6363785359	0.5105483193	-1.2567766067	0.5311559534	0.2022173457
r920	0.2947835525	0.9759811488	-1.5129956195	-0.1949765855	0.8774250433	-0.9932626728
r921	0.0589952701	0.2092025432	0.5928535740	-1.4973839663	0.1307665136	0.6658360535
r922	-2.4281854327	-1.3427050867	-0.2934159912	-0.9955661087	0.2957099272	-0.1646096042
r923	0.8152888604	-0.4878224539	-0.3875645476	-0.4542376291	1.2993572613	-0.1417492847
r924	-1.4303115749	0.5522893739	0.6347077748	-0.4253955314	0.6308674764	-0.8808097992
r925	-0.1879698505	1.6682306055	-2.1184313275	-0.1467633933	-0.6899885727	0.6424259847
r926	-0.4595382565	-1.4679310100	0.3743672694	0.0699149488	-1.2903791120	0.4015116528
r927	-1.9749053886	1.2562522270	2.0075270080	-0.5434242190	1.3643319851	-0.8154311543
r928	0.4775258480	0.3566346803	0.9957088543	-0.4687320833	1.2678524037	-0.3397589473
r929	-0.4707531026	-1.1874826147	-0.0127152160	-0.2886916013	-1.3040122025	-0.8293239421
r930	-0.7980731490	-0.0975190384	1.4085189685	-0.3050086604	-1.2376958942	0.1073965243
r931	-0.5662736684	-1.8749467662	0.2563628775	0.7538706275	-1.3781666294	0.5073364718
r932	-0.3822218047	-0.8540637992	-1.7433957513	-1.1949551381	-1.1697345841	0.4379780335
r933	0.1937154078	0.1459141740	0.6798943112	-1.3645141937	0.5795837953	1.5032526880
r934	-0.9616241071	-1.5167698657	0.2765747360	0.9152844438	-0.8895391160	-0.8797979572
r935	0.7529609690	-0.1166937057	1.2633935927	-0.2662493403	1.3657629442	-0.8985900992
r936	-0.1707980968	-0.1696138529	-0.2957479773	0.5740936510	-0.6379769199	1.5324520340
r937	1.0309968642	0.0506106284	0.0374888117	-0.4785375766	0.8485828901	1.3991081158
r938	-0.9215688534	-0.1227923425	0.5565517142	1.3140495149	-0.9909168019	0.1742846935
r939	-0.2978222869	-1.4323756084	-0.9726555023	0.0682111206	-0.9889819159	-0.5806548968
r940	0.3851638896	-0.4560059731	1.3360830208	-1.8543259883	1.0983605302	0.5291986539
r941	1.4259918858	-1.1173965870	-0.7981185317	-0.1296476135	-0.4475447719	-0.0431126718
r942	-0.6680908452	1.4431436472	1.0853202569	0.9349228508	-1.3720003602	1.1734316546
r943	-1.1544260259	0.7507357064	2.4534038498	0.4504938106	-0.2979924941	-2.0028849020
r944	-1.6337130653	1.0039982605	-0.3002957669	0.7507072763	1.1569143758	3.1358466259
r945	-2.1992617160	0.6799463649	-0.2758468803	-1.1258922983	0.9846896352	-0.4679417944
r946	1.1208503750	1.5699902873	0.3073805432	-0.3223658963	0.5816930485	0.5020659540
r947	-0.0987176695	0.6809706755	1.5913663629	-1.8160549757	-0.4080036219	-0.4100230049
r948	-0.1092049209	-1.0269500115	1.5441602702	-2.0179978906	-0.4424678454	0.6640801654
r949	-2.7359501514	-2.5243427916	-0.6421350200	0.8554505946	-0.7272160976	1.3748783667
r950	2.1713819359	-0.7151978965	1.7436318293	-0.8624730339	-1.1349101659	0.5692061506
r951	-1.5371905007	-0.0882929322	0.8994066438	0.0124828309	0.9362151960	0.8729988759
r952	0.4367217418	-0.4019696679	0.5458575364	2.7573062204	1.2006203968	-0.3287863374
r953	-1.5202816358	2.3870041269	-2.6782925324	0.7225327083	0.8917121223	0.2603111644
r954	-1.4133537086	-1.2930216735	1.6821579473	-0.4246616699	0.5778341943	-0.6298764833
r955	-1.1461734095	-0.4794000635	-0.0815926554	-1.1970646165	-0.3257657892	0.4985696840
r956	-0.2696982218	1.6613168437	-0.5753713492	-0.1621860565	-0.9186400139	0.9892855991
r957	1.8367827082	0.8338198498	0.2778854416	-0.7413375427	-1.3529249236	-0.2172591776
r958	0.3836348222	-0.9192419800	0.0193330040	0.2473725472	1.0950476498	0.3749203992
r959	0.0350667450	0.3445954291	0.1633346277	-1.1003389789	0.0481672535	-1.1090091190
r960	1.0305862522	1.1241383101	0.5588322946	0.2531301389	0.8497167205	1.3955230974
r961	0.9241951226	-0.0063049279	-1.3366027714	0.4053695973	1.1109441678	0.7170596760
r962	-0.3334231579	-0.3713303085	0.4991911353	0.3752401790	-1.0710334168	-0.7396088861
r963	0.3420633707	1.9233738247	-0.5578897515	0.1934079331	0.9991685296	-1.1122898425
r964	0.8422687174	1.2088963763	0.3487615428	0.3279743287	1.2609654586	-1.2926998567
r965	0.6610396302	-0.3523354450	0.5150257631	0.8027416263	1.4044838946	-0.6647888651
r966	-0.6021531952	-0.2737857068	-0.9667361942	-2.3031817023	-1.3861170964	1.8407693537
r967	0.2594422967	0.8675842115	-0.7926096532	-1.9210689036	0.7785479042	-0.1181882298
r968	0.8066672731	0.2541520546	-0.3599670574	-1.8224623339	1.3104174630	0.1611849108
r969	0.7742221063	0.2124639575	-1.2255371190	-1.6806785342	1.3466772272	0.7974137979
r970	-2.1919600406	0.2201768927	-1.0150166167	0.7011305175	1.0025827253	0.4713258168
r971	-0.6174996591	0.2260191132	-1.2108575822	0.6719921857	-1.3861525814	-1.0228482475
r972	0.6325045437	0.0243944705	-1.7906010703	0.4219941716	1.4018326786	-0.1275132705
r973	0.6232801594	-0.8757221482	-0.0266269879	-0.7458701329	1.3994850482	0.9503220510
r974	-0.5018278968	-0.1202353340	0.4408912723	0.1001004209	-1.3364597535	0.4878807393
r975	-0.4598989624	0.4678227077	-1.1345705532	0.0045706530	-1.2908332759	1.3038279736
r976	1.3437073650	-1.7103384672	-0.8360273690	-0.1853382844	-0.1710548780	-1.0647906876
r977	-0.0756966224	-0.3090326312	0.7693551550	-0.3528917486	-0.3313945565	-0.1781483616
r978	-0.3911518537	0.2034017237	-0.6983734117	0.3356565727	-1.1859715062	0.8833409822
r979	1.3722252749	-0.9841440109	-1.1779518252	-0.3646248550	-0.2683185942	-1.1452291617
r980	0.3304147478	1.6718231256	-0.6221670456	-0.1385539536	0.9703728356	1.1387812464
r981	0.7449854500	-2.1000849728	1.3803426814	-0.8981708685	1.3719537613	0.0629902584
r982	1.4627762285	0.1295451582	0.8735583985	-0.0680499278	-0.5656862312	0.4052354803
r983	1.3456576385	-2.4274387375	-0.1015096659	0.0278010267	-0.1777407031	-1.1320576671
r984	-1.6685718785	-1.6510994530	-0.8678842044	0.4518637659	1.2211029608	0.3179577952
r985	0.7371028341	-0.0237257449	-0.4340489865	1.5321467641	1.3775493624	-0.2719211502
r986	1.6248891706	1.2827505975	-0.4879667305	-0.2442407677	-1.0171471131	0.2300231268
r987	-1.7534589734	-0.3487116879	-0.9067257225	0.4906759243	1.3387982364	0.6858934193
r988	-0.9148100540	-0.0129264641	1.8675871076	1.1036246030	-1.0070780815	-1.3504749080
r989	0.4293445407	0.3847733712	1.8121189979	-0.5426156622	1.1871437191	0.4413425911
r990	0.7260659484	1.1768208604	-0.1496177969	-1.4509729389	1.3845062125	1.3768602222
r991	-0.5711979574	-0.4163228750	-1.1941324659	0.5204951146	-1.3799089999	1.0909667244
r992	-0.5693062363	0.1922153692	1.4748175480	-0.5220770182	-1.3792641025	0.9016027739
r993	0.5621558348	1.8188537491	2.2324478366	0.3245748484	1.3656677152	-0.1109117322
r994	-0.4773132667	0.4037135907	1.3924296683	-0.3386278354	-1.3115174411	-2.9860175292
r995	0.3260641078	-0.3760527696	-0.7965073881	-0.2532460355	0.9594111841	-2.1113944919
r996	0.4038589351	1.7378244368	-0.1734761483	-0.5631038041	1.1375864679	0.2828726501
r997	-1.5116913215	-2.3237389261	0.2935508143	0.2235425902	0.8685043519	-1.3937832858
r998	0.9312949294	1.2539951386	0.9579918044	-1.5821480592	1.0957088845	0.2776085061
r999	0.6938881993	0.2955664507	-1.4484040790	-1.7589163998	1.3989006641	-0.0451474539
r1000	0.4012687129	0.7170675414	0.0927240931	2.5809162645	1.1322943393	0.8167228081
