	i1	i2	i3	i4	o1	o2
row-1	0.9860966422	0.9860966422	-0.9940178925	-0.9940178925	0.9860966422	-0.9940178925
row-2	0.9860966422	0.9860966422	1.0060181085	1.0060181085	0.9860966422	1.0060181085
row-3	-1.0140993866	-1.0140993866	1.0060181085	1.0060181085	-1.0140993866	1.0060181085
row-4	-1.0140993866	-1.0140993866	1.0060181085	1.0060181085	-1.0140993866	1.0060181085
row-5	0.9860966422	0.9860966422	-0.9940178925	-0.9940178925	0.9860966422	-0.9940178925
row-6	0.9860966422	0.9860966422	-0.9940178925	-0.9940178925	0.9860966422	-0.9940178925
row-7	0.9860966422	0.9860966422	-0.9940178925	-0.9940178925	0.9860966422	-0.9940178925
row-8	0.9860966422	0.9860966422	-0.9940178925	-0.9940178925	0.9860966422	-0.9940178925
row-9	0.9860966422	0.9860966422	-0.9940178925	-0.9940178925	0.9860966422	-0.9940178925
row-10	0.9860966422	0.9860966422	-0.9940178925	-0.9940178925	0.9860966422	-0.9940178925
row-11	0.9860966422	0.9860966422	-0.9940178925	-0.9940178925	0.9860966422	-0.9940178925
row-12	-1.0140993866	-1.0140993866	1.0060181085	1.0060181085	-1.0140993866	1.0060181085
row-13	0.9860966422	0.9860966422	-0.9940178925	-0.9940178925	0.9860966422	-0.9940178925
row-14	-1.0140993866	-1.0140993866	-0.9940178925	-0.9940178925	-1.0140993866	-0.9940178925
row-15	0.9860966422	0.9860966422	1.0060181085	1.0060181085	0.9860966422	1.0060181085
row-16	0.9860966422	0.9860966422	1.0060181085	1.0060181085	0.9860966422	1.0060181085
row-17	0.9860966422	0.9860966422	1.0060181085	1.0060181085	0.9860966422	1.0060181085
row-18	0.9860966422	0.9860966422	1.0060181085	1.0060181085	0.9860966422	1.0060181085
row-19	0.9860966422	0.9860966422	1.0060181085	1.0060181085	0.9860966422	1.0060181085
row-20	0.9860966422	0.9860966422	1.0060181085	1.0060181085	0.9860966422	1.0060181085
row-21	0.9860966422	0.9860966422	1.0060181085	1.0060181085	0.9860966422	1.0060181085
row-22	-1.0140993866	-1.0140993866	1.0060181085	1.0060181085	-1.0140993866	1.0060181085
row-23	-1.0140993866	-1.0140993866	-0.9940178925	-0.9940178925	-1.0140993866	-0.9940178925
row-24	0.9860966422	0.9860966422	1.0060181085	1.0060181085	0.9860966422	1.0060181085
row-25	-1.0140993866	-1.0140993866	-0.9940178925	-0.9940178925	-1.0140993866	-0.9940178925
row-26	-1.0140993866	-1.0140993866	-0.9940178925	-0.9940178925	-1.0140993866	-0.9940178925
row-27	0.9860966422	0.9860966422	-0.9940178925	-0.9940178925	0.9860966422	-0.9940178925
row-28	0.9860966422	0.9860966422	-0.9940178925	-0.9940178925	0.9860966422	-0.9940178925
row-29	0.9860966422	0.9860966422	1.0060181085	1.0060181085	0.9860966422	1.0060181085
row-30	0.9860966422	0.9860966422	1.0060181085	1.0060181085	0.9860966422	1.0060181085
row-31	-1.0140993866	-1.0140993866	-0.9940178925	-0.9940178925	-1.0140993866	-0.9940178925
row-32	0.9860966422	0.9860966422	1.0060181085	1.0060181085	0.9860966422	1.0060181085
row-33	-1.0140993866	-1.0140993866	-0.9940178925	-0.9940178925	-1.0140993866	-0.9940178925
row-34	0.9860966422	0.9860966422	-0.9940178925	-0.9940178925	0.9860966422	-0.9940178925
row-35	-1.0140993866	-1.0140993866	-0.9940178925	-0.9940178925	-1.0140993866	-0.9940178925
row-36	-1.0140993866	-1.0140993866	1.0060181085	1.0060181085	-1.0140993866	1.0060181085
row-37	-1.0140993866	-1.0140993866	-0.9940178925	-0.9940178925	-1.0140993866	-0.9940178925
row-38	0.9860966422	0.9860966422	1.0060181085	1.0060181085	0.9860966422	1.0060181085
row-39	0.9860966422	0.9860966422	-0.9940178925	-0.9940178925	0.9860966422	-0.9940178925
row-40	-1.0140993866	-1.0140993866	1.0060181085	1.0060181085	-1.0140993866	1.0060181085
row-41	-1.0140993866	-1.0140993866	-0.9940178925	-0.9940178925	-1.0140993866	-0.9940178925
row-42	0.9860966422	0.9860966422	1.0060181085	1.0060181085	0.9860966422	1.0060181085
row-43	-1.0140993866	-1.0140993866	1.0060181085	1.0060181085	-1.0140993866	1.0060181085
row-44	-1.0140993866	-1.0140993866	1.0060181085	1.0060181085	-1.0140993866	1.0060181085
row-45	-1.0140993866	-1.0140993866	1.0060181085	1.0060181085	-1.0140993866	1.0060181085
row-46	0.9860966422	0.9860966422	1.0060181085	1.0060181085	0.9860966422	1.0060181085
row-47	0.9860966422	0.9860966422	-0.9940178925	-0.9940178925	0.9860966422	-0.9940178925
row-48	0.9860966422	0.9860966422	-0.9940178925	-0.9940178925	0.9860966422	-0.9940178925
row-49	0.9860966422	0.9860966422	-0.9940178925	-0.9940178925	0.9860966422	-0.9940178925
row-50	0.9860966422	0.9860966422	-0.9940178925	-0.9940178925	0.9860966422	-0.9940178925
row-51	-1.0140993866	-1.0140993866	-0.9940178925	-0.9940178925	-1.0140993866	-0.9940178925
row-52	0.9860966422	0.9860966422	1.0060181085	1.0060181085	0.9860966422	1.0060181085
row-53	-1.0140993866	-1.0140993866	-0.9940178925	-0.9940178925	-1.0140993866	-0.9940178925
row-54	-1.0140993866	-1.0140993866	-0.9940178925	-0.9940178925	-1.0140993866	-0.9940178925
row-55	0.9860966422	0.9860966422	-0.9940178925	-0.9940178925	0.9860966422	-0.9940178925
row-56	0.9860966422	0.9860966422	1.0060181085	1.0060181085	0.9860966422	1.0060181085
row-57	0.9860966422	0.9860966422	-0.9940178925	-0.9940178925	0.9860966422	-0.9940178925
row-58	0.9860966422	0.9860966422	1.0060181085	1.0060181085	0.9860966422	1.0060181085
row-59	0.9860966422	0.9860966422	-0.9940178925	-0.9940178925	0.9860966422	-0.9940178925
row-60	-1.0140993866	-1.0140993866	1.0060181085	1.0060181085	-1.0140993866	1.0060181085
row-61	0.9860966422	0.9860966422	-0.9940178925	-0.9940178925	0.9860966422	-0.9940178925
row-62	-1.0140993866	-1.0140993866	1.0060181085	1.0060181085	-1.0140993866	1.0060181085
row-63	0.9860966422	0.9860966422	1.0060181085	1.0060181085	0.9860966422	1.0060181085
row-64	0.9860966422	0.9860966422	-0.9940178925	-0.9940178925	0.9860966422	-0.9940178925
row-65	-1.0140993866	-1.0140993866	1.0060181085	1.0060181085	-1.0140993866	1.0060181085
row-66	-1.0140993866	-1.0140993866	1.0060181085	1.0060181085	-1.0140993866	1.0060181085
row-67	0.9860966422	0.9860966422	-0.9940178925	-0.9940178925	0.9860966422	-0.9940178925
row-68	-1.0140993866	-1.0140993866	-0.9940178925	-0.9940178925	-1.0140993866	-0.9940178925
row-69	0.9860966422	0.9860966422	1.0060181085	1.0060181085	0.9860966422	1.0060181085
row-70	0.9860966422	0.9860966422	-0.9940178925	-0.9940178925	0.9860966422	-0.9940178925
row-71	-1.0140993866	-1.0140993866	-0.9940178925	-0.9940178925	-1.0140993866	-0.9940178925
row-72	0.9860966422	0.9860966422	-0.9940178925	-0.9940178925	0.9860966422	-0.9940178925
row-73	0.9860966422	0.9860966422	1.0060181085	1.0060181085	0.9860966422	1.0060181085
row-74	0.9860966422	0.9860966422	1.0060181085	1.0060181085	0.9860966422	1.0060181085
row-75	0.9860966422	0.9860966422	1.0060181085	1.0060181085	0.9860966422	1.0060181085
row-76	-1.0140993866	-1.0140993866	-0.9940178925	-0.9940178925	-1.0140993866	-0.9940178925
row-77	0.9860966422	0.9860966422	-0.9940178925	-0.9940178925	0.9860966422	-0.9940178925
row-78	-1.0140993866	-1.0140993866	1.0060181085	1.0060181085	-1.0140993866	1.0060181085
row-79	-1.0140993866	-1.0140993866	-0.9940178925	-0.9940178925	-1.0140993866	-0.9940178925
row-80	-1.0140993866	-1.0140993866	-0.9940178925	-0.9940178925	-1.0140993866	-0.9940178925
row-81	-1.0140993866	-1.0140993866	-0.9940178925	-0.9940178925	-1.0140993866	-0.9940178925
row-82	-1.0140993866	-1.0140993866	1.0060181085	1.0060181085	-1.0140993866	1.0060181085
row-83	0.9860966422	0.9860966422	1.0060181085	1.0060181085	0.9860966422	1.0060181085
row-84	0.9860966422	0.9860966422	1.0060181085	1.0060181085	0.9860966422	1.0060181085
row-85	-1.0140993866	-1.0140993866	-0.9940178925	-0.9940178925	-1.0140993866	-0.9940178925
row-86	-1.0140993866	-1.0140993866	1.0060181085	1.0060181085	-1.0140993866	1.0060181085
row-87	0.9860966422	0.9860966422	-0.9940178925	-0.9940178925	0.9860966422	-0.9940178925
row-88	0.9860966422	0.9860966422	1.0060181085	1.0060181085	0.9860966422	1.0060181085
row-89	-1.0140993866	-1.0140993866	-0.9940178925	-0.9940178925	-1.0140993866	-0.9940178925
row-90	-1.0140993866	-1.0140993866	1.0060181085	1.0060181085	-1.0140993866	1.0060181085
row-91	-1.0140993866	-1.0140993866	-0.9940178925	-0.9940178925	-1.0140993866	-0.9940178925
row-92	-1.0140993866	-1.0140993866	-0.9940178925	-0.9940178925	-1.0140993866	-0.9940178925
row-93	0.9860966422	0.9860966422	-0.9940178925	-0.9940178925	0.9860966422	-0.9940178925
row-94	-1.0140993866	-1.0140993866	-0.9940178925	-0.9940178925	-1.0140993866	-0.9940178925
row-95	-1.0140993866	-1.0140993866	-0.9940178925	-0.9940178925	-1.0140993866	-0.9940178925
row-96	0.9860966422	0.9860966422	1.0060181085	1.0060181085	0.9860966422	1.0060181085
row-97	-1.0140993866	-1.0140993866	-0.9940178925	-0.9940178925	-1.0140993866	-0.9940178925
row-98	-1.0140993866	-1.0140993866	1.0060181085	1.0060181085	-1.0140993866	1.0060181085
row-99	0.9860966422	0.9860966422	1.0060181085	1.0060181085	0.9860966422	1.0060181085
row-100	-1.0140993866	-1.0140993866	-0.9940178925	-0.9940178925	-1.0140993866	-0.9940178925
row-101	-1.0140993866	-1.0140993866	1.0060181085	1.0060181085	-1.0140993866	1.0060181085
row-102	-1.0140993866	-1.0140993866	1.0060181085	1.0060181085	-1.0140993866	1.0060181085
row-103	0.9860966422	0.9860966422	-0.9940178925	-0.9940178925	0.9860966422	-0.9940178925
row-104	0.9860966422	0.9860966422	1.0060181085	1.0060181085	0.9860966422	1.0060181085
row-105	0.9860966422	0.9860966422	-0.9940178925	-0.9940178925	0.9860966422	-0.9940178925
row-106	0.9860966422	0.9860966422	-0.9940178925	-0.9940178925	0.9860966422	-0.9940178925
row-107	0.9860966422	0.9860966422	1.0060181085	1.0060181085	0.9860966422	1.0060181085
row-108	0.9860966422	0.9860966422	1.0060181085	1.0060181085	0.9860966422	1.0060181085
row-109	-1.0140993866	-1.0140993866	1.0060181085	1.0060181085	-1.0140993866	1.0060181085
row-110	0.9860966422	0.9860966422	1.0060181085	1.0060181085	0.9860966422	1.0060181085
row-111	-1.0140993866	-1.0140993866	-0.9940178925	-0.9940178925	-1.0140993866	-0.9940178925
row-112	0.9860966422	0.9860966422	-0.9940178925	-0.9940178925	0.9860966422	-0.9940178925
row-113	-1.0140993866	-1.0140993866	1.0060181085	1.0060181085	-1.0140993866	1.0060181085
row-114	-1.0140993866	-1.0140993866	1.0060181085	1.0060181085	-1.0140993866	1.0060181085
row-115	0.9860966422	0.9860966422	-0.9940178925	-0.9940178925	0.9860966422	-0.9940178925
row-116	-1.0140993866	-1.0140993866	-0.9940178925	-0.9940178925	-1.0140993866	-0.9940178925
row-117	-1.0140993866	-1.0140993866	-0.9940178925	-0.9940178925	-1.0140993866	-0.9940178925
row-118	0.9860966422	0.9860966422	-0.9940178925	-0.9940178925	0.9860966422	-0.9940178925
row-119	0.9860966422	0.9860966422	-0.9940178925	-0.9940178925	0.9860966422	-0.9940178925
row-120	0.9860966422	0.9860966422	1.0060181085	1.0060181085	0.9860966422	1.0060181085
row-121	-1.0140993866	-1.0140993866	-0.9940178925	-0.9940178925	-1.0140993866	-0.9940178925
row-122	0.9860966422	0.9860966422	-0.9940178925	-0.9940178925	0.9860966422	-0.9940178925
row-123	-1.0140993866	-1.0140993866	-0.9940178925	-0.9940178925	-1.0140993866	-0.9940178925
row-124	0.9860966422	0.9860966422	1.0060181085	1.0060181085	0.9860966422	1.0060181085
row-125	-1.0140993866	-1.0140993866	1.0060181085	1.0060181085	-1.0140993866	1.0060181085
row-126	0.9860966422	0.9860966422	-0.9940178925	-0.9940178925	0.9860966422	-0.9940178925
row-127	0.9860966422	0.9860966422	-0.9940178925	-0.9940178925	0.9860966422	-0.9940178925
row-128	-1.0140993866	-1.0140993866	-0.9940178925	-0.9940178925	-1.0140993866	-0.9940178925
row-129	-1.0140993866	-1.0140993866	-0.9940178925	-0.9940178925	-1.0140993866	-0.9940178925
row-130	-1.0140993866	-1.0140993866	-0.9940178925	-0.9940178925	-1.0140993866	-0.9940178925
row-131	-1.0140993866	-1.0140993866	1.0060181085	1.0060181085	-1.0140993866	1.0060181085
row-132	-1.0140993866	-1.0140993866	1.0060181085	1.0060181085	-1.0140993866	1.0060181085
row-133	0.9860966422	0.9860966422	-0.9940178925	-0.9940178925	0.9860966422	-0.9940178925
row-134	0.9860966422	0.9860966422	-0.9940178925	-0.9940178925	0.9860966422	-0.9940178925
row-135	0.9860966422	0.9860966422	-0.9940178925	-0.9940178925	0.9860966422	-0.9940178925
row-136	-1.0140993866	-1.0140993866	1.0060181085	1.0060181085	-1.0140993866	1.0060181085
row-137	0.9860966422	0.9860966422	1.0060181085	1.0060181085	0.9860966422	1.0060181085
row-138	-1.0140993866	-1.0140993866	1.0060181085	1.0060181085	-1.0140993866	1.0060181085
row-139	-1.0140993866	-1.0140993866	-0.9940178925	-0.9940178925	-1.0140993866	-0.9940178925
row-140	0.9860966422	0.9860966422	1.0060181085	1.0060181085	0.9860966422	1.0060181085
row-141	-1.0140993866	-1.0140993866	-0.9940178925	-0.9940178925	-1.0140993866	-0.9940178925
row-142	-1.0140993866	-1.0140993866	1.0060181085	1.0060181085	-1.0140993866	1.0060181085
row-143	-1.0140993866	-1.0140993866	-0.9940178925	-0.9940178925	-1.0140993866	-0.9940178925
row-144	0.9860966422	0.9860966422	1.0060181085	1.0060181085	0.9860966422	1.0060181085
row-145	-1.0140993866	-1.0140993866	-0.9940178925	-0.9940178925	-1.0140993866	-0.9940178925
row-146	0.9860966422	0.9860966422	-0.9940178925	-0.9940178925	0.9860966422	-0.9940178925
row-147	-1.0140993866	-1.0140993866	-0.9940178925	-0.9940178925	-1.0140993866	-0.9940178925
row-148	-1.0140993866	-1.0140993866	-0.9940178925	-0.9940178925	-1.0140993866	-0.9940178925
row-149	0.9860966422	0.9860966422	1.0060181085	1.0060181085	0.9860966422	1.0060181085
row-150	0.9860966422	0.9860966422	1.0060181085	1.0060181085	0.9860966422	1.0060181085
row-151	-1.0140993866	-1.0140993866	-0.9940178925	-0.9940178925	-1.0140993866	-0.9940178925
row-152	-1.0140993866	-1.0140993866	-0.9940178925	-0.9940178925	-1.0140993866	-0.9940178925
row-153	0.9860966422	0.9860966422	1.0060181085	1.0060181085	0.9860966422	1.0060181085
row-154	-1.0140993866	-1.0140993866	-0.9940178925	-0.9940178925	-1.0140993866	-0.9940178925
row-155	0.9860966422	0.9860966422	1.0060181085	1.0060181085	0.9860966422	1.0060181085
row-156	0.9860966422	0.9860966422	-0.9940178925	-0.9940178925	0.9860966422	-0.9940178925
row-157	-1.0140993866	-1.0140993866	1.0060181085	1.0060181085	-1.0140993866	1.0060181085
row-158	-1.0140993866	-1.0140993866	1.0060181085	1.0060181085	-1.0140993866	1.0060181085
row-159	-1.0140993866	-1.0140993866	1.0060181085	1.0060181085	-1.0140993866	1.0060181085
row-160	0.9860966422	0.9860966422	-0.9940178925	-0.9940178925	0.9860966422	-0.9940178925
row-161	0.9860966422	0.9860966422	-0.9940178925	-0.9940178925	0.9860966422	-0.9940178925
row-162	-1.0140993866	-1.0140993866	-0.9940178925	-0.9940178925	-1.0140993866	-0.9940178925
row-163	-1.0140993866	-1.0140993866	-0.9940178925	-0.9940178925	-1.0140993866	-0.9940178925
row-164	-1.0140993866	-1.0140993866	1.0060181085	1.0060181085	-1.0140993866	1.0060181085
row-165	0.9860966422	0.9860966422	-0.9940178925	-0.9940178925	0.9860966422	-0.9940178925
row-166	0.9860966422	0.9860966422	-0.9940178925	-0.9940178925	0.9860966422	-0.9940178925
row-167	0.9860966422	0.9860966422	-0.9940178925	-0.9940178925	0.9860966422	-0.9940178925
row-168	-1.0140993866	-1.0140993866	-0.9940178925	-0.9940178925	-1.0140993866	-0.9940178925
row-169	0.9860966422	0.9860966422	1.0060181085	1.0060181085	0.9860966422	1.0060181085
row-170	-1.0140993866	-1.0140993866	1.0060181085	1.0060181085	-1.0140993866	1.0060181085
row-171	0.9860966422	0.9860966422	-0.9940178925	-0.9940178925	0.9860966422	-0.9940178925
row-172	-1.0140993866	-1.0140993866	1.0060181085	1.0060181085	-1.0140993866	1.0060181085
row-173	0.9860966422	0.9860966422	-0.9940178925	-0.9940178925	0.9860966422	-0.9940178925
row-174	-1.0140993866	-1.0140993866	1.0060181085	1.0060181085	-1.0140993866	1.0060181085
row-175	0.9860966422	0.9860966422	1.0060181085	1.0060181085	0.9860966422	1.0060181085
row-176	-1.0140993866	-1.0140993866	1.0060181085	1.0060181085	-1.0140993866	1.0060181085
row-177	0.9860966422	0.9860966422	1.0060181085	1.0060181085	0.9860966422	1.0060181085
row-178	-1.0140993866	-1.0140993866	-0.9940178925	-0.9940178925	-1.0140993866	-0.9940178925
row-179	0.9860966422	0.9860966422	-0.9940178925	-0.9940178925	0.9860966422	-0.9940178925
row-180	-1.0140993866	-1.0140993866	1.0060181085	1.0060181085	-1.0140993866	1.0060181085
row-181	-1.0140993866	-1.0140993866	1.0060181085	1.0060181085	-1.0140993866	1.0060181085
row-182	-1.0140993866	-1.0140993866	1.0060181085	1.0060181085	-1.0140993866	1.0060181085
row-183	-1.0140993866	-1.0140993866	1.0060181085	1.0060181085	-1.0140993866	1.0060181085
row-184	0.9860966422	0.9860966422	-0.9940178925	-0.9940178925	0.9860966422	-0.9940178925
row-185	0.9860966422	0.9860966422	1.0060181085	1.0060181085	0.9860966422	1.0060181085
row-186	0.9860966422	0.9860966422	-0.9940178925	-0.9940178925	0.9860966422	-0.9940178925
row-187	-1.0140993866	-1.0140993866	-0.9940178925	-0.9940178925	-1.0140993866	-0.9940178925
row-188	0.9860966422	0.9860966422	-0.9940178925	-0.9940178925	0.9860966422	-0.9940178925
row-189	0.9860966422	0.9860966422	-0.9940178925	-0.9940178925	0.9860966422	-0.9940178925
row-190	0.9860966422	0.9860966422	1.0060181085	1.0060181085	0.9860966422	1.0060181085
row-191	-1.0140993866	-1.0140993866	1.0060181085	1.0060181085	-1.0140993866	1.0060181085
row-192	0.9860966422	0.9860966422	-0.9940178925	-0.9940178925	0.9860966422	-0.9940178925
row-193	0.9860966422	0.9860966422	1.0060181085	1.0060181085	0.9860966422	1.0060181085
row-194	0.9860966422	0.9860966422	1.0060181085	1.0060181085	0.9860966422	1.0060181085
row-195	0.9860966422	0.9860966422	1.0060181085	1.0060181085	0.9860966422	1.0060181085
row-196	-1.0140993866	-1.0140993866	1.0060181085	1.0060181085	-1.0140993866	1.0060181085
row-197	-1.0140993866	-1.0140993866	1.0060181085	1.0060181085	-1.0140993866	1.0060181085
row-198	0.9860966422	0.9860966422	-0.9940178925	-0.9940178925	0.9860966422	-0.9940178925
row-199	-1.0140993866	-1.0140993866	1.0060181085	1.0060181085	-1.0140993866	1.0060181085
row-200	-1.0140993866	-1.0140993866	-0.9940178925	-0.9940178925	-1.0140993866	-0.9940178925
row-201	-1.0140993866	-1.0140993866	1.0060181085	1.0060181085	-1.0140993866	1.0060181085
row-202	0.9860966422	0.9860966422	1.0060181085	1.0060181085	0.9860966422	1.0060181085
row-203	-1.0140993866	-1.0140993866	-0.9940178925	-0.9940178925	-1.0140993866	-0.9940178925
row-204	0.9860966422	0.9860966422	-0.9940178925	-0.9940178925	0.9860966422	-0.9940178925
row-205	0.9860966422	0.9860966422	1.0060181085	1.0060181085	0.9860966422	1.0060181085
row-206	-1.0140993866	-1.0140993866	1.0060181085	1.0060181085	-1.0140993866	1.0060181085
row-207	-1.0140993866	-1.0140993866	1.0060181085	1.0060181085	-1.0140993866	1.0060181085
row-208	0.9860966422	0.9860966422	1.0060181085	1.0060181085	0.9860966422	1.0060181085
row-209	-1.0140993866	-1.0140993866	-0.9940178925	-0.9940178925	-1.0140993866	-0.9940178925
row-210	-1.0140993866	-1.0140993866	-0.9940178925	-0.9940178925	-1.0140993866	-0.9940178925
row-211	0.9860966422	0.9860966422	1.0060181085	1.0060181085	0.9860966422	1.0060181085
row-212	-1.0140993866	-1.0140993866	-0.9940178925	-0.9940178925	-1.0140993866	-0.9940178925
row-213	0.9860966422	0.9860966422	-0.9940178925	-0.9940178925	0.9860966422	-0.9940178925
row-214	-1.0140993866	-1.0140993866	1.0060181085	1.0060181085	-1.0140993866	1.0060181085
row-215	-1.0140993866	-1.0140993866	-0.9940178925	-0.9940178925	-1.0140993866	-0.9940178925
row-216	-1.0140993866	-1.0140993866	-0.9940178925	-0.9940178925	-1.0140993866	-0.9940178925
row-217	-1.0140993866	-1.0140993866	-0.9940178925	-0.9940178925	-1.0140993866	-0.9940178925
row-218	-1.0140993866	-1.0140993866	-0.9940178925	-0.9940178925	-1.0140993866	-0.9940178925
row-219	0.9860966422	0.9860966422	1.0060181085	1.0060181085	0.9860966422	1.0060181085
row-220	0.9860966422	0.9860966422	1.0060181085	1.0060181085	0.9860966422	1.0060181085
row-221	0.9860966422	0.9860966422	-0.9940178925	-0.9940178925	0.9860966422	-0.9940178925
row-222	-1.0140993866	-1.0140993866	1.0060181085	1.0060181085	-1.0140993866	1.0060181085
row-223	0.9860966422	0.9860966422	1.0060181085	1.0060181085	0.9860966422	1.0060181085
row-224	-1.0140993866	-1.0140993866	-0.9940178925	-0.9940178925	-1.0140993866	-0.9940178925
row-225	-1.0140993866	-1.0140993866	-0.9940178925	-0.9940178925	-1.0140993866	-0.9940178925
row-226	-1.0140993866	-1.0140993866	-0.9940178925	-0.9940178925	-1.0140993866	-0.9940178925
row-227	0.9860966422	0.9860966422	1.0060181085	1.0060181085	0.9860966422	1.0060181085
row-228	0.9860966422	0.9860966422	-0.9940178925	-0.9940178925	0.9860966422	-0.9940178925
row-229	0.9860966422	0.9860966422	1.0060181085	1.0060181085	0.9860966422	1.0060181085
row-230	0.9860966422	0.9860966422	1.0060181085	1.0060181085	0.9860966422	1.0060181085
row-231	-1.0140993866	-1.0140993866	1.0060181085	1.0060181085	-1.0140993866	1.0060181085
row-232	-1.0140993866	-1.0140993866	-0.9940178925	-0.9940178925	-1.0140993866	-0.9940178925
row-233	0.9860966422	0.9860966422	-0.9940178925	-0.9940178925	0.9860966422	-0.9940178925
row-234	-1.0140993866	-1.0140993866	-0.9940178925	-0.9940178925	-1.0140993866	-0.9940178925
row-235	0.9860966422	0.9860966422	-0.9940178925	-0.9940178925	0.9860966422	-0.9940178925
row-236	-1.0140993866	-1.0140993866	-0.9940178925	-0.9940178925	-1.0140993866	-0.9940178925
row-237	-1.0140993866	-1.0140993866	-0.9940178925	-0.9940178925	-1.0140993866	-0.9940178925
row-238	-1.0140993866	-1.0140993866	1.0060181085	1.0060181085	-1.0140993866	1.0060181085
row-239	0.9860966422	0.9860966422	1.0060181085	1.0060181085	0.9860966422	1.0060181085
row-240	0.9860966422	0.9860966422	1.0060181085	1.0060181085	0.9860966422	1.0060181085
row-241	-1.0140993866	-1.0140993866	1.0060181085	1.0060181085	-1.0140993866	1.0060181085
row-242	0.9860966422	0.9860966422	1.0060181085	1.0060181085	0.9860966422	1.0060181085
row-243	-1.0140993866	-1.0140993866	1.0060181085	1.0060181085	-1.0140993866	1.0060181085
row-244	0.9860966422	0.9860966422	-0.9940178925	-0.9940178925	0.9860966422	-0.9940178925
row-245	-1.0140993866	-1.0140993866	-0.9940178925	-0.9940178925	-1.0140993866	-0.9940178925
row-246	-1.0140993866	-1.0140993866	1.0060181085	1.0060181085	-1.0140993866	1.0060181085
row-247	-1.0140993866	-1.0140993866	-0.9940178925	-0.9940178925	-1.0140993866	-0.9940178925
row-248	-1.0140993866	-1.0140993866	-0.9940178925	-0.9940178925	-1.0140993866	-0.9940178925
row-249	-1.0140993866	-1.0140993866	1.0060181085	1.0060181085	-1.0140993866	1.0060181085
row-250	-1.0140993866	-1.0140993866	1.0060181085	1.0060181085	-1.0140993866	1.0060181085
row-251	0.9860966422	0.9860966422	-0.9940178925	-0.9940178925	0.9860966422	-0.9940178925
row-252	0.9860966422	0.9860966422	1.0060181085	1.0060181085	0.9860966422	1.0060181085
row-253	-1.0140993866	-1.0140993866	1.0060181085	1.0060181085	-1.0140993866	1.0060181085
row-254	0.9860966422	0.9860966422	1.0060181085	1.0060181085	0.9860966422	1.0060181085
row-255	-1.0140993866	-1.0140993866	-0.9940178925	-0.9940178925	-1.0140993866	-0.9940178925
row-256	0.9860966422	0.9860966422	-0.9940178925	-0.9940178925	0.9860966422	-0.9940178925
row-257	0.9860966422	0.9860966422	1.0060181085	1.0060181085	0.9860966422	1.0060181085
row-258	-1.0140993866	-1.0140993866	-0.9940178925	-0.9940178925	-1.0140993866	-0.9940178925
row-259	-1.0140993866	-1.0140993866	-0.9940178925	-0.9940178925	-1.0140993866	-0.9940178925
row-260	-1.0140993866	-1.0140993866	-0.9940178925	-0.9940178925	-1.0140993866	-0.9940178925
row-261	0.9860966422	0.9860966422	1.0060181085	1.0060181085	0.9860966422	1.0060181085
row-262	-1.0140993866	-1.0140993866	-0.9940178925	-0.9940178925	-1.0140993866	-0.9940178925
row-263	0.9860966422	0.9860966422	-0.9940178925	-0.9940178925	0.9860966422	-0.9940178925
row-264	-1.0140993866	-1.0140993866	-0.9940178925	-0.9940178925	-1.0140993866	-0.9940178925
row-265	0.9860966422	0.9860966422	1.0060181085	1.0060181085	0.9860966422	1.0060181085
row-266	0.9860966422	0.9860966422	-0.9940178925	-0.9940178925	0.9860966422	-0.9940178925
row-267	-1.0140993866	-1.0140993866	-0.9940178925	-0.9940178925	-1.0140993866	-0.9940178925
row-268	-1.0140993866	-1.0140993866	1.0060181085	1.0060181085	-1.0140993866	1.0060181085
row-269	-1.0140993866	-1.0140993866	1.0060181085	1.0060181085	-1.0140993866	1.0060181085
row-270	0.9860966422	0.9860966422	-0.9940178925	-0.9940178925	0.9860966422	-0.9940178925
row-271	-1.0140993866	-1.0140993866	-0.9940178925	-0.9940178925	-1.0140993866	-0.9940178925
row-272	-1.0140993866	-1.0140993866	1.0060181085	1.0060181085	-1.0140993866	1.0060181085
row-273	-1.0140993866	-1.0140993866	1.0060181085	1.0060181085	-1.0140993866	1.0060181085
row-274	-1.0140993866	-1.0140993866	1.0060181085	1.0060181085	-1.0140993866	1.0060181085
row-275	0.9860966422	0.9860966422	1.0060181085	1.0060181085	0.9860966422	1.0060181085
row-276	0.9860966422	0.9860966422	1.0060181085	1.0060181085	0.9860966422	1.0060181085
row-277	0.9860966422	0.9860966422	1.0060181085	1.0060181085	0.9860966422	1.0060181085
row-278	0.9860966422	0.9860966422	-0.9940178925	-0.9940178925	0.9860966422	-0.9940178925
row-279	0.9860966422	0.9860966422	1.0060181085	1.0060181085	0.9860966422	1.0060181085
row-280	0.9860966422	0.9860966422	1.0060181085	1.0060181085	0.9860966422	1.0060181085
row-281	-1.0140993866	-1.0140993866	-0.9940178925	-0.9940178925	-1.0140993866	-0.9940178925
row-282	0.9860966422	0.9860966422	1.0060181085	1.0060181085	0.9860966422	1.0060181085
row-283	-1.0140993866	-1.0140993866	1.0060181085	1.0060181085	-1.0140993866	1.0060181085
row-284	0.9860966422	0.9860966422	1.0060181085	1.0060181085	0.9860966422	1.0060181085
row-285	-1.0140993866	-1.0140993866	1.0060181085	1.0060181085	-1.0140993866	1.0060181085
row-286	0.9860966422	0.9860966422	-0.9940178925	-0.9940178925	0.9860966422	-0.9940178925
row-287	-1.0140993866	-1.0140993866	1.0060181085	1.0060181085	-1.0140993866	1.0060181085
row-288	0.9860966422	0.9860966422	1.0060181085	1.0060181085	0.9860966422	1.0060181085
row-289	0.9860966422	0.9860966422	-0.9940178925	-0.9940178925	0.9860966422	-0.9940178925
row-290	-1.0140993866	-1.0140993866	-0.9940178925	-0.9940178925	-1.0140993866	-0.9940178925
row-291	-1.0140993866	-1.0140993866	1.0060181085	1.0060181085	-1.0140993866	1.0060181085
row-292	-1.0140993866	-1.0140993866	-0.9940178925	-0.9940178925	-1.0140993866	-0.9940178925
row-293	0.9860966422	0.9860966422	-0.9940178925	-0.9940178925	0.9860966422	-0.9940178925
row-294	-1.0140993866	-1.0140993866	1.0060181085	1.0060181085	-1.0140993866	1.0060181085
row-295	0.9860966422	0.9860966422	1.0060181085	1.0060181085	0.9860966422	1.0060181085
row-296	0.9860966422	0.9860966422	1.0060181085	1.0060181085	0.9860966422	1.0060181085
row-297	-1.0140993866	-1.0140993866	-0.9940178925	-0.9940178925	-1.0140993866	-0.9940178925
row-298	0.9860966422	0.9860966422	-0.9940178925	-0.9940178925	0.9860966422	-0.9940178925
row-299	-1.0140993866	-1.0140993866	-0.9940178925	-0.9940178925	-1.0140993866	-0.9940178925
row-300	-1.0140993866	-1.0140993866	-0.9940178925	-0.9940178925	-1.0140993866	-0.9940178925
row-301	-1.0140993866	-1.0140993866	1.0060181085	1.0060181085	-1.0140993866	1.0060181085
row-302	-1.0140993866	-1.0140993866	-0.9940178925	-0.9940178925	-1.0140993866	-0.9940178925
row-303	-1.0140993866	-1.0140993866	-0.9940178925	-0.9940178925	-1.0140993866	-0.9940178925
row-304	0.9860966422	0.9860966422	-0.9940178925	-0.9940178925	0.9860966422	-0.9940178925
row-305	0.9860966422	0.9860966422	-0.9940178925	-0.9940178925	0.9860966422	-0.9940178925
row-306	0.9860966422	0.9860966422	-0.9940178925	-0.9940178925	0.9860966422	-0.9940178925
row-307	0.9860966422	0.9860966422	-0.9940178925	-0.9940178925	0.9860966422	-0.9940178925
row-308	-1.0140993866	-1.0140993866	1.0060181085	1.0060181085	-1.0140993866	1.0060181085
row-309	-1.0140993866	-1.0140993866	1.0060181085	1.0060181085	-1.0140993866	1.0060181085
row-310	0.9860966422	0.9860966422	-0.9940178925	-0.9940178925	0.9860966422	-0.9940178925
row-311	0.9860966422	0.9860966422	-0.9940178925	-0.9940178925	0.9860966422	-0.9940178925
row-312	-1.0140993866	-1.0140993866	1.0060181085	1.0060181085	-1.0140993866	1.0060181085
row-313	-1.0140993866	-1.0140993866	-0.9940178925	-0.9940178925	-1.0140993866	-0.9940178925
row-314	-1.0140993866	-1.0140993866	-0.9940178925	-0.9940178925	-1.0140993866	-0.9940178925
row-315	0.9860966422	0.9860966422	1.0060181085	1.0060181085	0.9860966422	1.0060181085
row-316	0.9860966422	0.9860966422	1.0060181085	1.0060181085	0.9860966422	1.0060181085
row-317	0.9860966422	0.9860966422	-0.9940178925	-0.9940178925	0.9860966422	-0.9940178925
row-318	-1.0140993866	-1.0140993866	1.0060181085	1.0060181085	-1.0140993866	1.0060181085
row-319	-1.0140993866	-1.0140993866	1.0060181085	1.0060181085	-1.0140993866	1.0060181085
row-320	0.9860966422	0.9860966422	1.0060181085	1.0060181085	0.9860966422	1.0060181085
row-321	-1.0140993866	-1.0140993866	1.0060181085	1.0060181085	-1.0140993866	1.0060181085
row-322	0.9860966422	0.9860966422	1.0060181085	1.0060181085	0.9860966422	1.0060181085
row-323	0.9860966422	0.9860966422	1.0060181085	1.0060181085	0.9860966422	1.0060181085
row-324	-1.0140993866	-1.0140993866	-0.9940178925	-0.9940178925	-1.0140993866	-0.9940178925
row-325	0.9860966422	0.9860966422	1.0060181085	1.0060181085	0.9860966422	1.0060181085
row-326	-1.0140993866	-1.0140993866	1.0060181085	1.0060181085	-1.0140993866	1.0060181085
row-327	-1.0140993866	-1.0140993866	-0.9940178925	-0.9940178925	-1.0140993866	-0.9940178925
row-328	0.9860966422	0.9860966422	1.0060181085	1.0060181085	0.9860966422	1.0060181085
row-329	-1.0140993866	-1.0140993866	1.0060181085	1.0060181085	-1.0140993866	1.0060181085
row-330	0.9860966422	0.9860966422	-0.9940178925	-0.9940178925	0.9860966422	-0.9940178925
row-331	0.9860966422	0.9860966422	-0.9940178925	-0.9940178925	0.9860966422	-0.9940178925
row-332	-1.0140993866	-1.0140993866	1.0060181085	1.0060181085	-1.0140993866	1.0060181085
row-333	-1.0140993866	-1.0140993866	1.0060181085	1.0060181085	-1.0140993866	1.0060181085
row-334	0.9860966422	0.9860966422	1.0060181085	1.0060181085	0.9860966422	1.0060181085
row-335	0.9860966422	0.9860966422	1.0060181085	1.0060181085	0.9860966422	1.0060181085
row-336	0.9860966422	0.9860966422	-0.9940178925	-0.9940178925	0.9860966422	-0.9940178925
row-337	-1.0140993866	-1.0140993866	-0.9940178925	-0.9940178925	-1.0140993866	-0.9940178925
row-338	-1.0140993866	-1.0140993866	1.0060181085	1.0060181085	-1.0140993866	1.0060181085
row-339	0.9860966422	0.9860966422	1.0060181085	1.0060181085	0.9860966422	1.0060181085
row-340	-1.0140993866	-1.0140993866	-0.9940178925	-0.9940178925	-1.0140993866	-0.9940178925
row-341	-1.0140993866	-1.0140993866	1.0060181085	1.0060181085	-1.0140993866	1.0060181085
row-342	-1.0140993866	-1.0140993866	-0.9940178925	-0.9940178925	-1.0140993866	-0.9940178925
row-343	0.9860966422	0.9860966422	1.0060181085	1.0060181085	0.9860966422	1.0060181085
row-344	0.9860966422	0.9860966422	-0.9940178925	-0.9940178925	0.9860966422	-0.9940178925
row-345	0.9860966422	0.9860966422	-0.9940178925	-0.9940178925	0.9860966422	-0.9940178925
row-346	-1.0140993866	-1.0140993866	1.0060181085	1.0060181085	-1.0140993866	1.0060181085
row-347	-1.0140993866	-1.0140993866	1.0060181085	1.0060181085	-1.0140993866	1.0060181085
row-348	-1.0140993866	-1.0140993866	1.0060181085	1.0060181085	-1.0140993866	1.0060181085
row-349	0.9860966422	0.9860966422	-0.9940178925	-0.9940178925	0.9860966422	-0.9940178925
row-350	0.9860966422	0.9860966422	1.0060181085	1.0060181085	0.9860966422	1.0060181085
row-351	0.9860966422	0.9860966422	1.0060181085	1.0060181085	0.9860966422	1.0060181085
row-352	-1.0140993866	-1.0140993866	1.0060181085	1.0060181085	-1.0140993866	1.0060181085
row-353	-1.0140993866	-1.0140993866	-0.9940178925	-0.9940178925	-1.0140993866	-0.9940178925
row-354	0.9860966422	0.9860966422	-0.9940178925	-0.9940178925	0.9860966422	-0.9940178925
row-355	-1.0140993866	-1.0140993866	-0.9940178925	-0.9940178925	-1.0140993866	-0.9940178925
row-356	0.9860966422	0.9860966422	1.0060181085	1.0060181085	0.9860966422	1.0060181085
row-357	-1.0140993866	-1.0140993866	1.0060181085	1.0060181085	-1.0140993866	1.0060181085
row-358	-1.0140993866	-1.0140993866	-0.9940178925	-0.9940178925	-1.0140993866	-0.9940178925
row-359	-1.0140993866	-1.0140993866	-0.9940178925	-0.9940178925	-1.0140993866	-0.9940178925
row-360	-1.0140993866	-1.0140993866	1.0060181085	1.0060181085	-1.0140993866	1.0060181085
row-361	-1.0140993866	-1.0140993866	1.0060181085	1.0060181085	-1.0140993866	1.0060181085
row-362	0.9860966422	0.9860966422	-0.9940178925	-0.9940178925	0.9860966422	-0.9940178925
row-363	-1.0140993866	-1.0140993866	1.0060181085	1.0060181085	-1.0140993866	1.0060181085
row-364	0.9860966422	0.9860966422	1.0060181085	1.0060181085	0.9860966422	1.0060181085
row-365	0.9860966422	0.9860966422	-0.9940178925	-0.9940178925	0.9860966422	-0.9940178925
row-366	0.9860966422	0.9860966422	-0.9940178925	-0.9940178925	0.9860966422	-0.9940178925
row-367	0.9860966422	0.9860966422	-0.9940178925	-0.9940178925	0.9860966422	-0.9940178925
row-368	-1.0140993866	-1.0140993866	-0.9940178925	-0.9940178925	-1.0140993866	-0.9940178925
row-369	0.9860966422	0.9860966422	1.0060181085	1.0060181085	0.9860966422	1.0060181085
row-370	0.9860966422	0.9860966422	-0.9940178925	-0.9940178925	0.9860966422	-0.9940178925
row-371	-1.0140993866	-1.0140993866	1.0060181085	1.0060181085	-1.0140993866	1.0060181085
row-372	0.9860966422	0.9860966422	1.0060181085	1.0060181085	0.9860966422	1.0060181085
row-373	-1.0140993866	-1.0140993866	1.0060181085	1.0060181085	-1.0140993866	1.0060181085
row-374	0.9860966422	0.9860966422	-0.9940178925	-0.9940178925	0.9860966422	-0.9940178925
row-375	0.9860966422	0.9860966422	-0.9940178925	-0.9940178925	0.9860966422	-0.9940178925
row-376	0.9860966422	0.9860966422	-0.9940178925	-0.9940178925	0.9860966422	-0.9940178925
row-377	-1.0140993866	-1.0140993866	1.0060181085	1.0060181085	-1.0140993866	1.0060181085
row-378	-1.0140993866	-1.0140993866	1.0060181085	1.0060181085	-1.0140993866	1.0060181085
row-379	0.9860966422	0.9860966422	1.0060181085	1.0060181085	0.9860966422	1.0060181085
row-380	0.9860966422	0.9860966422	1.0060181085	1.0060181085	0.9860966422	1.0060181085
row-381	-1.0140993866	-1.0140993866	-0.9940178925	-0.9940178925	-1.0140993866	-0.9940178925
row-382	-1.0140993866	-1.0140993866	1.0060181085	1.0060181085	-1.0140993866	1.0060181085
row-383	-1.0140993866	-1.0140993866	-0.9940178925	-0.9940178925	-1.0140993866	-0.9940178925
row-384	-1.0140993866	-1.0140993866	-0.9940178925	-0.9940178925	-1.0140993866	-0.9940178925
row-385	0.9860966422	0.9860966422	1.0060181085	1.0060181085	0.9860966422	1.0060181085
row-386	-1.0140993866	-1.0140993866	1.0060181085	1.0060181085	-1.0140993866	1.0060181085
row-387	0.9860966422	0.9860966422	-0.9940178925	-0.9940178925	0.9860966422	-0.9940178925
row-388	0.9860966422	0.9860966422	1.0060181085	1.0060181085	0.9860966422	1.0060181085
row-389	0.9860966422	0.9860966422	-0.9940178925	-0.9940178925	0.9860966422	-0.9940178925
row-390	-1.0140993866	-1.0140993866	-0.9940178925	-0.9940178925	-1.0140993866	-0.9940178925
row-391	0.9860966422	0.9860966422	-0.9940178925	-0.9940178925	0.9860966422	-0.9940178925
row-392	-1.0140993866	-1.0140993866	-0.9940178925	-0.9940178925	-1.0140993866	-0.9940178925
row-393	-1.0140993866	-1.0140993866	-0.9940178925	-0.9940178925	-1.0140993866	-0.9940178925
row-394	-1.0140993866	-1.0140993866	1.0060181085	1.0060181085	-1.0140993866	1.0060181085
row-395	-1.0140993866	-1.0140993866	-0.9940178925	-0.9940178925	-1.0140993866	-0.9940178925
row-396	-1.0140993866	-1.0140993866	1.0060181085	1.0060181085	-1.0140993866	1.0060181085
row-397	0.9860966422	0.9860966422	1.0060181085	1.0060181085	0.9860966422	1.0060181085
row-398	0.9860966422	0.9860966422	1.0060181085	1.0060181085	0.9860966422	1.0060181085
row-399	0.9860966422	0.9860966422	1.0060181085	1.0060181085	0.9860966422	1.0060181085
row-400	-1.0140993866	-1.0140993866	1.0060181085	1.0060181085	-1.0140993866	1.0060181085
row-401	-1.0140993866	-1.0140993866	-0.9940178925	-0.9940178925	-1.0140993866	-0.9940178925
row-402	-1.0140993866	-1.0140993866	-0.9940178925	-0.9940178925	-1.0140993866	-0.9940178925
row-403	0.9860966422	0.9860966422	-0.9940178925	-0.9940178925	0.9860966422	-0.9940178925
row-404	-1.0140993866	-1.0140993866	-0.9940178925	-0.9940178925	-1.0140993866	-0.9940178925
row-405	-1.0140993866	-1.0140993866	1.0060181085	1.0060181085	-1.0140993866	1.0060181085
row-406	0.9860966422	0.9860966422	-0.9940178925	-0.9940178925	0.9860966422	-0.9940178925
row-407	-1.0140993866	-1.0140993866	1.0060181085	1.0060181085	-1.0140993866	1.0060181085
row-408	-1.0140993866	-1.0140993866	1.0060181085	1.0060181085	-1.0140993866	1.0060181085
row-409	-1.0140993866	-1.0140993866	-0.9940178925	-0.9940178925	-1.0140993866	-0.9940178925
row-410	0.9860966422	0.9860966422	1.0060181085	1.0060181085	0.9860966422	1.0060181085
row-411	-1.0140993866	-1.0140993866	-0.9940178925	-0.9940178925	-1.0140993866	-0.9940178925
row-412	-1.0140993866	-1.0140993866	-0.9940178925	-0.9940178925	-1.0140993866	-0.9940178925
row-413	0.9860966422	0.9860966422	-0.9940178925	-0.9940178925	0.9860966422	-0.9940178925
row-414	-1.0140993866	-1.0140993866	1.0060181085	1.0060181085	-1.0140993866	1.0060181085
row-415	0.9860966422	0.9860966422	-0.9940178925	-0.9940178925	0.9860966422	-0.9940178925
row-416	-1.0140993866	-1.0140993866	1.0060181085	1.0060181085	-1.0140993866	1.0060181085
row-417	-1.0140993866	-1.0140993866	1.0060181085	1.0060181085	-1.0140993866	1.0060181085
row-418	-1.0140993866	-1.0140993866	1.0060181085	1.0060181085	-1.0140993866	1.0060181085
row-419	0.9860966422	0.9860966422	-0.9940178925	-0.9940178925	0.9860966422	-0.9940178925
row-420	-1.0140993866	-1.0140993866	1.0060181085	1.0060181085	-1.0140993866	1.0060181085
row-421	-1.0140993866	-1.0140993866	1.0060181085	1.0060181085	-1.0140993866	1.0060181085
row-422	-1.0140993866	-1.0140993866	-0.9940178925	-0.9940178925	-1.0140993866	-0.9940178925
row-423	-1.0140993866	-1.0140993866	1.0060181085	1.0060181085	-1.0140993866	1.0060181085
row-424	0.9860966422	0.9860966422	-0.9940178925	-0.9940178925	0.9860966422	-0.9940178925
row-425	-1.0140993866	-1.0140993866	1.0060181085	1.0060181085	-1.0140993866	1.0060181085
row-426	0.9860966422	0.9860966422	-0.9940178925	-0.9940178925	0.9860966422	-0.9940178925
row-427	-1.0140993866	-1.0140993866	-0.9940178925	-0.9940178925	-1.0140993866	-0.9940178925
row-428	-1.0140993866	-1.0140993866	-0.9940178925	-0.9940178925	-1.0140993866	-0.9940178925
row-429	-1.0140993866	-1.0140993866	-0.9940178925	-0.9940178925	-1.0140993866	-0.9940178925
row-430	0.9860966422	0.9860966422	-0.9940178925	-0.9940178925	0.9860966422	-0.9940178925
row-431	0.9860966422	0.9860966422	1.0060181085	1.0060181085	0.9860966422	1.0060181085
row-432	-1.0140993866	-1.0140993866	-0.9940178925	-0.9940178925	-1.0140993866	-0.9940178925
row-433	0.9860966422	0.9860966422	1.0060181085	1.0060181085	0.9860966422	1.0060181085
row-434	0.9860966422	0.9860966422	-0.9940178925	-0.9940178925	0.9860966422	-0.9940178925
row-435	0.9860966422	0.9860966422	-0.9940178925	-0.9940178925	0.9860966422	-0.9940178925
row-436	0.9860966422	0.9860966422	-0.9940178925	-0.9940178925	0.9860966422	-0.9940178925
row-437	0.9860966422	0.9860966422	1.0060181085	1.0060181085	0.9860966422	1.0060181085
row-438	0.9860966422	0.9860966422	-0.9940178925	-0.9940178925	0.9860966422	-0.9940178925
row-439	0.9860966422	0.9860966422	-0.9940178925	-0.9940178925	0.9860966422	-0.9940178925
row-440	-1.0140993866	-1.0140993866	1.0060181085	1.0060181085	-1.0140993866	1.0060181085
row-441	-1.0140993866	-1.0140993866	-0.9940178925	-0.9940178925	-1.0140993866	-0.9940178925
row-442	-1.0140993866	-1.0140993866	-0.9940178925	-0.9940178925	-1.0140993866	-0.9940178925
row-443	0.9860966422	0.9860966422	-0.9940178925	-0.9940178925	0.9860966422	-0.9940178925
row-444	-1.0140993866	-1.0140993866	1.0060181085	1.0060181085	-1.0140993866	1.0060181085
row-445	-1.0140993866	-1.0140993866	-0.9940178925	-0.9940178925	-1.0140993866	-0.9940178925
row-446	-1.0140993866	-1.0140993866	-0.9940178925	-0.9940178925	-1.0140993866	-0.9940178925
row-447	-1.0140993866	-1.0140993866	1.0060181085	1.0060181085	-1.0140993866	1.0060181085
row-448	0.9860966422	0.9860966422	1.0060181085	1.0060181085	0.9860966422	1.0060181085
row-449	0.9860966422	0.9860966422	1.0060181085	1.0060181085	0.9860966422	1.0060181085
row-450	-1.0140993866	-1.0140993866	-0.9940178925	-0.9940178925	-1.0140993866	-0.9940178925
row-451	0.9860966422	0.9860966422	1.0060181085	1.0060181085	0.9860966422	1.0060181085
row-452	-1.0140993866	-1.0140993866	-0.9940178925	-0.9940178925	-1.0140993866	-0.9940178925
row-453	-1.0140993866	-1.0140993866	1.0060181085	1.0060181085	-1.0140993866	1.0060181085
row-454	-1.0140993866	-1.0140993866	1.0060181085	1.0060181085	-1.0140993866	1.0060181085
row-455	0.9860966422	0.9860966422	1.0060181085	1.0060181085	0.9860966422	1.0060181085
row-456	-1.0140993866	-1.0140993866	-0.9940178925	-0.9940178925	-1.0140993866	-0.9940178925
row-457	-1.0140993866	-1.0140993866	-0.9940178925	-0.9940178925	-1.0140993866	-0.9940178925
row-458	-1.0140993866	-1.0140993866	-0.9940178925	-0.9940178925	-1.0140993866	-0.9940178925
row-459	0.9860966422	0.9860966422	-0.9940178925	-0.9940178925	0.9860966422	-0.9940178925
row-460	0.9860966422	0.9860966422	1.0060181085	1.0060181085	0.9860966422	1.0060181085
row-461	0.9860966422	0.9860966422	1.0060181085	1.0060181085	0.9860966422	1.0060181085
row-462	-1.0140993866	-1.0140993866	1.0060181085	1.0060181085	-1.0140993866	1.0060181085
row-463	0.9860966422	0.9860966422	-0.9940178925	-0.9940178925	0.9860966422	-0.9940178925
row-464	0.9860966422	0.9860966422	1.0060181085	1.0060181085	0.9860966422	1.0060181085
row-465	-1.0140993866	-1.0140993866	-0.9940178925	-0.9940178925	-1.0140993866	-0.9940178925
row-466	0.9860966422	0.9860966422	1.0060181085	1.0060181085	0.9860966422	1.0060181085
row-467	0.9860966422	0.9860966422	-0.9940178925	-0.9940178925	0.9860966422	-0.9940178925
row-468	-1.0140993866	-1.0140993866	1.0060181085	1.0060181085	-1.0140993866	1.0060181085
row-469	-1.0140993866	-1.0140993866	1.0060181085	1.0060181085	-1.0140993866	1.0060181085
row-470	-1.0140993866	-1.0140993866	-0.9940178925	-0.9940178925	-1.0140993866	-0.9940178925
row-471	0.9860966422	0.9860966422	-0.9940178925	-0.9940178925	0.9860966422	-0.9940178925
row-472	0.9860966422	0.9860966422	-0.9940178925	-0.9940178925	0.9860966422	-0.9940178925
row-473	0.9860966422	0.9860966422	-0.9940178925	-0.9940178925	0.9860966422	-0.9940178925
row-474	0.9860966422	0.9860966422	-0.9940178925	-0.9940178925	0.9860966422	-0.9940178925
row-475	0.9860966422	0.9860966422	-0.9940178925	-0.9940178925	0.9860966422	-0.9940178925
row-476	0.9860966422	0.9860966422	-0.9940178925	-0.9940178925	0.9860966422	-0.9940178925
row-477	-1.0140993866	-1.0140993866	-0.9940178925	-0.9940178925	-1.0140993866	-0.9940178925
row-478	0.9860966422	0.9860966422	1.0060181085	1.0060181085	0.9860966422	1.0060181085
row-479	0.9860966422	0.9860966422	-0.9940178925	-0.9940178925	0.9860966422	-0.9940178925
row-480	-1.0140993866	-1.0140993866	1.0060181085	1.0060181085	-1.0140993866	1.0060181085
row-481	0.9860966422	0.9860966422	1.0060181085	1.0060181085	0.9860966422	1.0060181085
row-482	0.9860966422	0.9860966422	1.0060181085	1.0060181085	0.9860966422	1.0060181085
row-483	-1.0140993866	-1.0140993866	-0.9940178925	-0.9940178925	-1.0140993866	-0.9940178925
row-484	-1.0140993866	-1.0140993866	-0.9940178925	-0.9940178925	-1.0140993866	-0.9940178925
row-485	0.9860966422	0.9860966422	1.0060181085	1.0060181085	0.9860966422	1.0060181085
row-486	0.9860966422	0.9860966422	1.0060181085	1.0060181085	0.9860966422	1.0060181085
row-487	-1.0140993866	-1.0140993866	1.0060181085	1.0060181085	-1.0140993866	1.0060181085
row-488	-1.0140993866	-1.0140993866	1.0060181085	1.0060181085	-1.0140993866	1.0060181085
row-489	0.9860966422	0.9860966422	-0.9940178925	-0.9940178925	0.9860966422	-0.9940178925
row-490	0.9860966422	0.9860966422	1.0060181085	1.0060181085	0.9860966422	1.0060181085
row-491	-1.0140993866	-1.0140993866	1.0060181085	1.0060181085	-1.0140993866	1.0060181085
row-492	-1.0140993866	-1.0140993866	1.0060181085	1.0060181085	-1.0140993866	1.0060181085
row-493	0.9860966422	0.9860966422	1.0060181085	1.0060181085	0.9860966422	1.0060181085
row-494	0.9860966422	0.9860966422	1.0060181085	1.0060181085	0.9860966422	1.0060181085
row-495	0.9860966422	0.9860966422	1.0060181085	1.0060181085	0.9860966422	1.0060181085
row-496	0.9860966422	0.9860966422	1.0060181085	1.0060181085	0.9860966422	1.0060181085
row-497	-1.0140993866	-1.0140993866	1.0060181085	1.0060181085	-1.0140993866	1.0060181085
row-498	0.9860966422	0.9860966422	1.0060181085	1.0060181085	0.9860966422	1.0060181085
row-499	-1.0140993866	-1.0140993866	1.0060181085	1.0060181085	-1.0140993866	1.0060181085
row-500	-1.0140993866	-1.0140993866	-0.9940178925	-0.9940178925	-1.0140993866	-0.9940178925
row-501	0.9860966422	0.9860966422	-0.9940178925	-0.9940178925	0.9860966422	-0.9940178925
row-502	-1.0140993866	-1.0140993866	1.0060181085	1.0060181085	-1.0140993866	1.0060181085
row-503	0.9860966422	0.9860966422	-0.9940178925	-0.9940178925	0.9860966422	-0.9940178925
row-504	-1.0140993866	-1.0140993866	1.0060181085	1.0060181085	-1.0140993866	1.0060181085
row-505	0.9860966422	0.9860966422	-0.9940178925	-0.9940178925	0.9860966422	-0.9940178925
row-506	0.9860966422	0.9860966422	-0.9940178925	-0.9940178925	0.9860966422	-0.9940178925
row-507	-1.0140993866	-1.0140993866	1.0060181085	1.0060181085	-1.0140993866	1.0060181085
row-508	0.9860966422	0.9860966422	-0.9940178925	-0.9940178925	0.9860966422	-0.9940178925
row-509	-1.0140993866	-1.0140993866	1.0060181085	1.0060181085	-1.0140993866	1.0060181085
row-510	-1.0140993866	-1.0140993866	1.0060181085	1.0060181085	-1.0140993866	1.0060181085
row-511	-1.0140993866	-1.0140993866	-0.9940178925	-0.9940178925	-1.0140993866	-0.9940178925
row-512	0.9860966422	0.9860966422	1.0060181085	1.0060181085	0.9860966422	1.0060181085
row-513	0.9860966422	0.9860966422	-0.9940178925	-0.9940178925	0.9860966422	-0.9940178925
row-514	0.9860966422	0.9860966422	-0.9940178925	-0.9940178925	0.9860966422	-0.9940178925
row-515	-1.0140993866	-1.0140993866	1.0060181085	1.0060181085	-1.0140993866	1.0060181085
row-516	-1.0140993866	-1.0140993866	1.0060181085	1.0060181085	-1.0140993866	1.0060181085
row-517	-1.0140993866	-1.0140993866	-0.9940178925	-0.9940178925	-1.0140993866	-0.9940178925
row-518	0.9860966422	0.9860966422	1.0060181085	1.0060181085	0.9860966422	1.0060181085
row-519	-1.0140993866	-1.0140993866	-0.9940178925	-0.9940178925	-1.0140993866	-0.9940178925
row-520	-1.0140993866	-1.0140993866	-0.9940178925	-0.9940178925	-1.0140993866	-0.9940178925
row-521	0.9860966422	0.9860966422	-0.9940178925	-0.9940178925	0.9860966422	-0.9940178925
row-522	-1.0140993866	-1.0140993866	-0.9940178925	-0.9940178925	-1.0140993866	-0.9940178925
row-523	0.9860966422	0.9860966422	-0.9940178925	-0.9940178925	0.9860966422	-0.9940178925
row-524	0.9860966422	0.9860966422	1.0060181085	1.0060181085	0.9860966422	1.0060181085
row-525	0.9860966422	0.9860966422	1.0060181085	1.0060181085	0.9860966422	1.0060181085
row-526	0.9860966422	0.9860966422	-0.9940178925	-0.9940178925	0.9860966422	-0.9940178925
row-527	-1.0140993866	-1.0140993866	-0.9940178925	-0.9940178925	-1.0140993866	-0.9940178925
row-528	0.9860966422	0.9860966422	-0.9940178925	-0.9940178925	0.9860966422	-0.9940178925
row-529	0.9860966422	0.9860966422	1.0060181085	1.0060181085	0.9860966422	1.0060181085
row-530	-1.0140993866	-1.0140993866	-0.9940178925	-0.9940178925	-1.0140993866	-0.9940178925
row-531	-1.0140993866	-1.0140993866	-0.9940178925	-0.9940178925	-1.0140993866	-0.9940178925
row-532	0.9860966422	0.9860966422	-0.9940178925	-0.9940178925	0.9860966422	-0.9940178925
row-533	0.9860966422	0.9860966422	1.0060181085	1.0060181085	0.9860966422	1.0060181085
row-534	-1.0140993866	-1.0140993866	1.0060181085	1.0060181085	-1.0140993866	1.0060181085
row-535	-1.0140993866	-1.0140993866	-0.9940178925	-0.9940178925	-1.0140993866	-0.9940178925
row-536	0.9860966422	0.9860966422	1.0060181085	1.0060181085	0.9860966422	1.0060181085
row-537	0.9860966422	0.9860966422	1.0060181085	1.0060181085	0.9860966422	1.0060181085
row-538	-1.0140993866	-1.0140993866	1.0060181085	1.0060181085	-1.0140993866	1.0060181085
row-539	-1.0140993866	-1.0140993866	1.0060181085	1.0060181085	-1.0140993866	1.0060181085
row-540	0.9860966422	0.9860966422	-0.9940178925	-0.9940178925	0.9860966422	-0.9940178925
row-541	-1.0140993866	-1.0140993866	1.0060181085	1.0060181085	-1.0140993866	1.0060181085
row-542	-1.0140993866	-1.0140993866	1.0060181085	1.0060181085	-1.0140993866	1.0060181085
row-543	-1.0140993866	-1.0140993866	-0.9940178925	-0.9940178925	-1.0140993866	-0.9940178925
row-544	-1.0140993866	-1.0140993866	1.0060181085	1.0060181085	-1.0140993866	1.0060181085
row-545	-1.0140993866	-1.0140993866	-0.9940178925	-0.9940178925	-1.0140993866	-0.9940178925
row-546	-1.0140993866	-1.0140993866	-0.9940178925	-0.9940178925	-1.0140993866	-0.9940178925
row-547	-1.0140993866	-1.0140993866	-0.9940178925	-0.9940178925	-1.0140993866	-0.9940178925
row-548	-1.0140993866	-1.0140993866	-0.9940178925	-0.9940178925	-1.0140993866	-0.9940178925
row-549	0.9860966422	0.9860966422	-0.9940178925	-0.9940178925	0.9860966422	-0.9940178925
row-550	-1.0140993866	-1.0140993866	1.0060181085	1.0060181085	-1.0140993866	1.0060181085
row-551	0.9860966422	0.9860966422	-0.9940178925	-0.9940178925	0.9860966422	-0.9940178925
row-552	0.9860966422	0.9860966422	1.0060181085	1.0060181085	0.9860966422	1.0060181085
row-553	-1.0140993866	-1.0140993866	1.0060181085	1.0060181085	-1.0140993866	1.0060181085
row-554	0.9860966422	0.9860966422	1.0060181085	1.0060181085	0.9860966422	1.0060181085
row-555	-1.0140993866	-1.0140993866	1.0060181085	1.0060181085	-1.0140993866	1.0060181085
row-556	0.9860966422	0.9860966422	1.0060181085	1.0060181085	0.9860966422	1.0060181085
row-557	0.9860966422	0.9860966422	-0.9940178925	-0.9940178925	0.9860966422	-0.9940178925
row-558	-1.0140993866	-1.0140993866	-0.9940178925	-0.9940178925	-1.0140993866	-0.9940178925
row-559	-1.0140993866	-1.0140993866	-0.9940178925	-0.9940178925	-1.0140993866	-0.9940178925
row-560	-1.0140993866	-1.0140993866	-0.9940178925	-0.9940178925	-1.0140993866	-0.9940178925
row-561	-1.0140993866	-1.0140993866	-0.9940178925	-0.9940178925	-1.0140993866	-0.9940178925
row-562	0.9860966422	0.9860966422	1.0060181085	1.0060181085	0.9860966422	1.0060181085
row-563	-1.0140993866	-1.0140993866	-0.9940178925	-0.9940178925	-1.0140993866	-0.9940178925
row-564	0.9860966422	0.9860966422	1.0060181085	1.0060181085	0.9860966422	1.0060181085
row-565	-1.0140993866	-1.0140993866	1.0060181085	1.0060181085	-1.0140993866	1.0060181085
row-566	-1.0140993866	-1.0140993866	-0.9940178925	-0.9940178925	-1.0140993866	-0.9940178925
row-567	-1.0140993866	-1.0140993866	-0.9940178925	-0.9940178925	-1.0140993866	-0.9940178925
row-568	0.9860966422	0.9860966422	-0.9940178925	-0.9940178925	0.9860966422	-0.9940178925
row-569	0.9860966422	0.9860966422	-0.9940178925	-0.9940178925	0.9860966422	-0.9940178925
row-570	-1.0140993866	-1.0140993866	-0.9940178925	-0.9940178925	-1.0140993866	-0.9940178925
row-571	-1.0140993866	-1.0140993866	1.0060181085	1.0060181085	-1.0140993866	1.0060181085
row-572	-1.0140993866	-1.0140993866	-0.9940178925	-0.9940178925	-1.0140993866	-0.9940178925
row-573	0.9860966422	0.9860966422	1.0060181085	1.0060181085	0.9860966422	1.0060181085
row-574	-1.0140993866	-1.0140993866	1.0060181085	1.0060181085	-1.0140993866	1.0060181085
row-575	0.9860966422	0.9860966422	1.0060181085	1.0060181085	0.9860966422	1.0060181085
row-576	0.9860966422	0.9860966422	1.0060181085	1.0060181085	0.9860966422	1.0060181085
row-577	-1.0140993866	-1.0140993866	1.0060181085	1.0060181085	-1.0140993866	1.0060181085
row-578	-1.0140993866	-1.0140993866	1.0060181085	1.0060181085	-1.0140993866	1.0060181085
row-579	0.9860966422	0.9860966422	1.0060181085	1.0060181085	0.9860966422	1.0060181085
row-580	0.9860966422	0.9860966422	1.0060181085	1.0060181085	0.9860966422	1.0060181085
row-581	0.9860966422	0.9860966422	1.0060181085	1.0060181085	0.9860966422	1.0060181085
row-582	0.9860966422	0.9860966422	1.0060181085	1.0060181085	0.9860966422	1.0060181085
row-583	-1.0140993866	-1.0140993866	1.0060181085	1.0060181085	-1.0140993866	1.0060181085
row-584	-1.0140993866	-1.0140993866	1.0060181085	1.0060181085	-1.0140993866	1.0060181085
row-585	0.9860966422	0.9860966422	1.0060181085	1.0060181085	0.9860966422	1.0060181085
row-586	-1.0140993866	-1.0140993866	1.0060181085	1.0060181085	-1.0140993866	1.0060181085
row-587	-1.0140993866	-1.0140993866	1.0060181085	1.0060181085	-1.0140993866	1.0060181085
row-588	-1.0140993866	-1.0140993866	-0.9940178925	-0.9940178925	-1.0140993866	-0.9940178925
row-589	-1.0140993866	-1.0140993866	1.0060181085	1.0060181085	-1.0140993866	1.0060181085
row-590	-1.0140993866	-1.0140993866	-0.9940178925	-0.9940178925	-1.0140993866	-0.9940178925
row-591	0.9860966422	0.9860966422	-0.9940178925	-0.9940178925	0.9860966422	-0.9940178925
row-592	0.9860966422	0.9860966422	-0.9940178925	-0.9940178925	0.9860966422	-0.9940178925
row-593	-1.0140993866	-1.0140993866	1.0060181085	1.0060181085	-1.0140993866	1.0060181085
row-594	0.9860966422	0.9860966422	1.0060181085	1.0060181085	0.9860966422	1.0060181085
row-595	-1.0140993866	-1.0140993866	1.0060181085	1.0060181085	-1.0140993866	1.0060181085
row-596	0.9860966422	0.9860966422	-0.9940178925	-0.9940178925	0.9860966422	-0.9940178925
row-597	-1.0140993866	-1.0140993866	1.0060181085	1.0060181085	-1.0140993866	1.0060181085
row-598	0.9860966422	0.9860966422	1.0060181085	1.0060181085	0.9860966422	1.0060181085
row-599	-1.0140993866	-1.0140993866	1.0060181085	1.0060181085	-1.0140993866	1.0060181085
row-600	0.9860966422	0.9860966422	1.0060181085	1.0060181085	0.9860966422	1.0060181085
row-601	0.9860966422	0.9860966422	-0.9940178925	-0.9940178925	0.9860966422	-0.9940178925
row-602	-1.0140993866	-1.0140993866	-0.9940178925	-0.9940178925	-1.0140993866	-0.9940178925
row-603	-1.0140993866	-1.0140993866	-0.9940178925	-0.9940178925	-1.0140993866	-0.9940178925
row-604	-1.0140993866	-1.0140993866	-0.9940178925	-0.9940178925	-1.0140993866	-0.9940178925
row-605	0.9860966422	0.9860966422	-0.9940178925	-0.9940178925	0.9860966422	-0.9940178925
row-606	-1.0140993866	-1.0140993866	-0.9940178925	-0.9940178925	-1.0140993866	-0.9940178925
row-607	-1.0140993866	-1.0140993866	-0.9940178925	-0.9940178925	-1.0140993866	-0.9940178925
row-608	0.9860966422	0.9860966422	1.0060181085	1.0060181085	0.9860966422	1.0060181085
row-609	-1.0140993866	-1.0140993866	-0.9940178925	-0.9940178925	-1.0140993866	-0.9940178925
row-610	0.9860966422	0.9860966422	-0.9940178925	-0.9940178925	0.9860966422	-0.9940178925
row-611	-1.0140993866	-1.0140993866	1.0060181085	1.0060181085	-1.0140993866	1.0060181085
row-612	0.9860966422	0.9860966422	1.0060181085	1.0060181085	0.9860966422	1.0060181085
row-613	0.9860966422	0.9860966422	1.0060181085	1.0060181085	0.9860966422	1.0060181085
row-614	-1.0140993866	-1.0140993866	-0.9940178925	-0.9940178925	-1.0140993866	-0.9940178925
row-615	0.9860966422	0.9860966422	1.0060181085	1.0060181085	0.9860966422	1.0060181085
row-616	-1.0140993866	-1.0140993866	1.0060181085	1.0060181085	-1.0140993866	1.0060181085
row-617	0.9860966422	0.9860966422	1.0060181085	1.0060181085	0.9860966422	1.0060181085
row-618	-1.0140993866	-1.0140993866	-0.9940178925	-0.9940178925	-1.0140993866	-0.9940178925
row-619	0.9860966422	0.9860966422	1.0060181085	1.0060181085	0.9860966422	1.0060181085
row-620	-1.0140993866	-1.0140993866	-0.9940178925	-0.9940178925	-1.0140993866	-0.9940178925
row-621	0.9860966422	0.9860966422	1.0060181085	1.0060181085	0.9860966422	1.0060181085
row-622	0.9860966422	0.9860966422	-0.9940178925	-0.9940178925	0.9860966422	-0.9940178925
row-623	0.9860966422	0.9860966422	-0.9940178925	-0.9940178925	0.9860966422	-0.9940178925
row-624	0.9860966422	0.9860966422	-0.9940178925	-0.9940178925	0.9860966422	-0.9940178925
row-625	0.9860966422	0.9860966422	-0.9940178925	-0.9940178925	0.9860966422	-0.9940178925
row-626	-1.0140993866	-1.0140993866	1.0060181085	1.0060181085	-1.0140993866	1.0060181085
row-627	-1.0140993866	-1.0140993866	-0.9940178925	-0.9940178925	-1.0140993866	-0.9940178925
row-628	0.9860966422	0.9860966422	1.0060181085	1.0060181085	0.9860966422	1.0060181085
row-629	0.9860966422	0.9860966422	1.0060181085	1.0060181085	0.9860966422	1.0060181085
row-630	0.9860966422	0.9860966422	-0.9940178925	-0.9940178925	0.9860966422	-0.9940178925
row-631	0.9860966422	0.9860966422	1.0060181085	1.0060181085	0.9860966422	1.0060181085
row-632	-1.0140993866	-1.0140993866	-0.9940178925	-0.9940178925	-1.0140993866	-0.9940178925
row-633	0.9860966422	0.9860966422	1.0060181085	1.0060181085	0.9860966422	1.0060181085
row-634	-1.0140993866	-1.0140993866	-0.9940178925	-0.9940178925	-1.0140993866	-0.9940178925
row-635	-1.0140993866	-1.0140993866	1.0060181085	1.0060181085	-1.0140993866	1.0060181085
row-636	-1.0140993866	-1.0140993866	-0.9940178925	-0.9940178925	-1.0140993866	-0.9940178925
row-637	0.9860966422	0.9860966422	-0.9940178925	-0.9940178925	0.9860966422	-0.9940178925
row-638	0.9860966422	0.9860966422	1.0060181085	1.0060181085	0.9860966422	1.0060181085
row-639	0.9860966422	0.9860966422	1.0060181085	1.0060181085	0.9860966422	1.0060181085
row-640	0.9860966422	0.9860966422	-0.9940178925	-0.9940178925	0.9860966422	-0.9940178925
row-641	-1.0140993866	-1.0140993866	-0.9940178925	-0.9940178925	-1.0140993866	-0.9940178925
row-642	0.9860966422	0.9860966422	-0.9940178925	-0.9940178925	0.9860966422	-0.9940178925
row-643	0.9860966422	0.9860966422	-0.9940178925	-0.9940178925	0.9860966422	-0.9940178925
row-644	-1.0140993866	-1.0140993866	1.0060181085	1.0060181085	-1.0140993866	1.0060181085
row-645	-1.0140993866	-1.0140993866	-0.9940178925	-0.9940178925	-1.0140993866	-0.9940178925
row-646	0.9860966422	0.9860966422	1.0060181085	1.0060181085	0.9860966422	1.0060181085
row-647	0.9860966422	0.9860966422	-0.9940178925	-0.9940178925	0.9860966422	-0.9940178925
row-648	-1.0140993866	-1.0140993866	1.0060181085	1.0060181085	-1.0140993866	1.0060181085
row-649	-1.0140993866	-1.0140993866	-0.9940178925	-0.9940178925	-1.0140993866	-0.9940178925
row-650	-1.0140993866	-1.0140993866	-0.9940178925	-0.9940178925	-1.0140993866	-0.9940178925
row-651	-1.0140993866	-1.0140993866	1.0060181085	1.0060181085	-1.0140993866	1.0060181085
row-652	0.9860966422	0.9860966422	-0.9940178925	-0.9940178925	0.9860966422	-0.9940178925
row-653	-1.0140993866	-1.0140993866	-0.9940178925	-0.9940178925	-1.0140993866	-0.9940178925
row-654	0.9860966422	0.9860966422	-0.9940178925	-0.9940178925	0.9860966422	-0.9940178925
row-655	-1.0140993866	-1.0140993866	1.0060181085	1.0060181085	-1.0140993866	1.0060181085
row-656	-1.0140993866	-1.0140993866	1.0060181085	1.0060181085	-1.0140993866	1.0060181085
row-657	-1.0140993866	-1.0140993866	-0.9940178925	-0.9940178925	-1.0140993866	-0.9940178925
row-658	0.9860966422	0.9860966422	1.0060181085	1.0060181085	0.9860966422	1.0060181085
row-659	-1.0140993866	-1.0140993866	1.0060181085	1.0060181085	-1.0140993866	1.0060181085
row-660	0.9860966422	0.9860966422	1.0060181085	1.0060181085	0.9860966422	1.0060181085
row-661	-1.0140993866	-1.0140993866	-0.9940178925	-0.9940178925	-1.0140993866	-0.9940178925
row-662	-1.0140993866	-1.0140993866	-0.9940178925	-0.9940178925	-1.0140993866	-0.9940178925
row-663	0.9860966422	0.9860966422	-0.9940178925	-0.9940178925	0.9860966422	-0.9940178925
row-664	0.9860966422	0.9860966422	-0.9940178925	-0.9940178925	0.9860966422	-0.9940178925
row-665	0.9860966422	0.9860966422	1.0060181085	1.0060181085	0.9860966422	1.0060181085
row-666	-1.0140993866	-1.0140993866	-0.9940178925	-0.9940178925	-1.0140993866	-0.9940178925
row-667	0.9860966422	0.9860966422	1.0060181085	1.0060181085	0.9860966422	1.0060181085
row-668	0.9860966422	0.9860966422	-0.9940178925	-0.9940178925	0.9860966422	-0.9940178925
row-669	-1.0140993866	-1.0140993866	1.0060181085	1.0060181085	-1.0140993866	1.0060181085
row-670	-1.0140993866	-1.0140993866	1.0060181085	1.0060181085	-1.0140993866	1.0060181085
row-671	0.9860966422	0.9860966422	-0.9940178925	-0.9940178925	0.9860966422	-0.9940178925
row-672	0.9860966422	0.9860966422	1.0060181085	1.0060181085	0.9860966422	1.0060181085
row-673	0.9860966422	0.9860966422	-0.9940178925	-0.9940178925	0.9860966422	-0.9940178925
row-674	-1.0140993866	-1.0140993866	1.0060181085	1.0060181085	-1.0140993866	1.0060181085
row-675	0.9860966422	0.9860966422	1.0060181085	1.0060181085	0.9860966422	1.0060181085
row-676	0.9860966422	0.9860966422	-0.9940178925	-0.9940178925	0.9860966422	-0.9940178925
row-677	-1.0140993866	-1.0140993866	1.0060181085	1.0060181085	-1.0140993866	1.0060181085
row-678	0.9860966422	0.9860966422	-0.9940178925	-0.9940178925	0.9860966422	-0.9940178925
row-679	0.9860966422	0.9860966422	-0.9940178925	-0.9940178925	0.9860966422	-0.9940178925
row-680	0.9860966422	0.9860966422	1.0060181085	1.0060181085	0.9860966422	1.0060181085
row-681	0.9860966422	0.9860966422	1.0060181085	1.0060181085	0.9860966422	1.0060181085
row-682	-1.0140993866	-1.0140993866	-0.9940178925	-0.9940178925	-1.0140993866	-0.9940178925
row-683	-1.0140993866	-1.0140993866	1.0060181085	1.0060181085	-1.0140993866	1.0060181085
row-684	0.9860966422	0.9860966422	1.0060181085	1.0060181085	0.9860966422	1.0060181085
row-685	-1.0140993866	-1.0140993866	1.0060181085	1.0060181085	-1.0140993866	1.0060181085
row-686	0.9860966422	0.9860966422	-0.9940178925	-0.9940178925	0.9860966422	-0.9940178925
row-687	-1.0140993866	-1.0140993866	1.0060181085	1.0060181085	-1.0140993866	1.0060181085
row-688	0.9860966422	0.9860966422	1.0060181085	1.0060181085	0.9860966422	1.0060181085
row-689	0.9860966422	0.9860966422	1.0060181085	1.0060181085	0.9860966422	1.0060181085
row-690	0.9860966422	0.9860966422	-0.9940178925	-0.9940178925	0.9860966422	-0.9940178925
row-691	-1.0140993866	-1.0140993866	1.0060181085	1.0060181085	-1.0140993866	1.0060181085
row-692	-1.0140993866	-1.0140993866	1.0060181085	1.0060181085	-1.0140993866	1.0060181085
row-693	0.9860966422	0.9860966422	1.0060181085	1.0060181085	0.9860966422	1.0060181085
row-694	-1.0140993866	-1.0140993866	-0.9940178925	-0.9940178925	-1.0140993866	-0.9940178925
row-695	0.9860966422	0.9860966422	1.0060181085	1.0060181085	0.9860966422	1.0060181085
row-696	0.9860966422	0.9860966422	-0.9940178925	-0.9940178925	0.9860966422	-0.9940178925
row-697	-1.0140993866	-1.0140993866	-0.9940178925	-0.9940178925	-1.0140993866	-0.9940178925
row-698	-1.0140993866	-1.0140993866	-0.9940178925	-0.9940178925	-1.0140993866	-0.9940178925
row-699	0.9860966422	0.9860966422	-0.9940178925	-0.9940178925	0.9860966422	-0.9940178925
row-700	-1.0140993866	-1.0140993866	1.0060181085	1.0060181085	-1.0140993866	1.0060181085
row-701	0.9860966422	0.9860966422	-0.9940178925	-0.9940178925	0.9860966422	-0.9940178925
row-702	-1.0140993866	-1.0140993866	1.0060181085	1.0060181085	-1.0140993866	1.0060181085
row-703	0.9860966422	0.9860966422	1.0060181085	1.0060181085	0.9860966422	1.0060181085
row-704	-1.0140993866	-1.0140993866	1.0060181085	1.0060181085	-1.0140993866	1.0060181085
row-705	-1.0140993866	-1.0140993866	1.0060181085	1.0060181085	-1.0140993866	1.0060181085
row-706	0.9860966422	0.9860966422	1.0060181085	1.0060181085	0.9860966422	1.0060181085
row-707	0.9860966422	0.9860966422	-0.9940178925	-0.9940178925	0.9860966422	-0.9940178925
row-708	-1.0140993866	-1.0140993866	-0.9940178925	-0.9940178925	-1.0140993866	-0.9940178925
row-709	-1.0140993866	-1.0140993866	1.0060181085	1.0060181085	-1.0140993866	1.0060181085
row-710	-1.0140993866	-1.0140993866	1.0060181085	1.0060181085	-1.0140993866	1.0060181085
row-711	0.9860966422	0.9860966422	-0.9940178925	-0.9940178925	0.9860966422	-0.9940178925
row-712	-1.0140993866	-1.0140993866	1.0060181085	1.0060181085	-1.0140993866	1.0060181085
row-713	0.9860966422	0.9860966422	-0.9940178925	-0.9940178925	0.9860966422	-0.9940178925
row-714	0.9860966422	0.9860966422	-0.9940178925	-0.9940178925	0.9860966422	-0.9940178925
row-715	-1.0140993866	-1.0140993866	-0.9940178925	-0.9940178925	-1.0140993866	-0.9940178925
row-716	0.9860966422	0.9860966422	1.0060181085	1.0060181085	0.9860966422	1.0060181085
row-717	-1.0140993866	-1.0140993866	1.0060181085	1.0060181085	-1.0140993866	1.0060181085
row-718	0.9860966422	0.9860966422	1.0060181085	1.0060181085	0.9860966422	1.0060181085
row-719	0.9860966422	0.9860966422	1.0060181085	1.0060181085	0.9860966422	1.0060181085
row-720	0.9860966422	0.9860966422	-0.9940178925	-0.9940178925	0.9860966422	-0.9940178925
row-721	0.9860966422	0.9860966422	-0.9940178925	-0.9940178925	0.9860966422	-0.9940178925
row-722	0.9860966422	0.9860966422	-0.9940178925	-0.9940178925	0.9860966422	-0.9940178925
row-723	0.9860966422	0.9860966422	1.0060181085	1.0060181085	0.9860966422	1.0060181085
row-724	0.9860966422	0.9860966422	-0.9940178925	-0.9940178925	0.9860966422	-0.9940178925
row-725	0.9860966422	0.9860966422	-0.9940178925	-0.9940178925	0.9860966422	-0.9940178925
row-726	-1.0140993866	-1.0140993866	-0.9940178925	-0.9940178925	-1.0140993866	-0.9940178925
row-727	-1.0140993866	-1.0140993866	-0.9940178925	-0.9940178925	-1.0140993866	-0.9940178925
row-728	0.9860966422	0.9860966422	-0.9940178925	-0.9940178925	0.9860966422	-0.9940178925
row-729	0.9860966422	0.9860966422	1.0060181085	1.0060181085	0.9860966422	1.0060181085
row-730	-1.0140993866	-1.0140993866	1.0060181085	1.0060181085	-1.0140993866	1.0060181085
row-731	0.9860966422	0.9860966422	1.0060181085	1.0060181085	0.9860966422	1.0060181085
row-732	-1.0140993866	-1.0140993866	1.0060181085	1.0060181085	-1.0140993866	1.0060181085
row-733	-1.0140993866	-1.0140993866	1.0060181085	1.0060181085	-1.0140993866	1.0060181085
row-734	0.9860966422	0.9860966422	1.0060181085	1.0060181085	0.9860966422	1.0060181085
row-735	-1.0140993866	-1.0140993866	-0.9940178925	-0.9940178925	-1.0140993866	-0.9940178925
row-736	-1.0140993866	-1.0140993866	-0.9940178925	-0.9940178925	-1.0140993866	-0.9940178925
row-737	0.9860966422	0.9860966422	1.0060181085	1.0060181085	0.9860966422	1.0060181085
row-738	-1.0140993866	-1.0140993866	1.0060181085	1.0060181085	-1.0140993866	1.0060181085
row-739	-1.0140993866	-1.0140993866	1.0060181085	1.0060181085	-1.0140993866	1.0060181085
row-740	0.9860966422	0.9860966422	-0.9940178925	-0.9940178925	0.9860966422	-0.9940178925
row-741	0.9860966422	0.9860966422	-0.9940178925	-0.9940178925	0.9860966422	-0.9940178925
row-742	0.9860966422	0.9860966422	1.0060181085	1.0060181085	0.9860966422	1.0060181085
row-743	0.9860966422	0.9860966422	-0.9940178925	-0.9940178925	0.9860966422	-0.9940178925
row-744	-1.0140993866	-1.0140993866	-0.9940178925	-0.9940178925	-1.0140993866	-0.9940178925
row-745	0.9860966422	0.9860966422	1.0060181085	1.0060181085	0.9860966422	1.0060181085
row-746	-1.0140993866	-1.0140993866	-0.9940178925	-0.9940178925	-1.0140993866	-0.9940178925
row-747	-1.0140993866	-1.0140993866	-0.9940178925	-0.9940178925	-1.0140993866	-0.9940178925
row-748	-1.0140993866	-1.0140993866	1.0060181085	1.0060181085	-1.0140993866	1.0060181085
row-749	-1.0140993866	-1.0140993866	1.0060181085	1.0060181085	-1.0140993866	1.0060181085
row-750	0.9860966422	0.9860966422	1.0060181085	1.0060181085	0.9860966422	1.0060181085
row-751	0.9860966422	0.9860966422	-0.9940178925	-0.9940178925	0.9860966422	-0.9940178925
row-752	0.9860966422	0.9860966422	-0.9940178925	-0.9940178925	0.9860966422	-0.9940178925
row-753	0.9860966422	0.9860966422	1.0060181085	1.0060181085	0.9860966422	1.0060181085
row-754	-1.0140993866	-1.0140993866	-0.9940178925	-0.9940178925	-1.0140993866	-0.9940178925
row-755	0.9860966422	0.9860966422	-0.9940178925	-0.9940178925	0.9860966422	-0.9940178925
row-756	-1.0140993866	-1.0140993866	-0.9940178925	-0.9940178925	-1.0140993866	-0.9940178925
row-757	-1.0140993866	-1.0140993866	-0.9940178925	-0.9940178925	-1.0140993866	-0.9940178925
row-758	-1.0140993866	-1.0140993866	1.0060181085	1.0060181085	-1.0140993866	1.0060181085
row-759	-1.0140993866	-1.0140993866	-0.9940178925	-0.9940178925	-1.0140993866	-0.9940178925
row-760	0.9860966422	0.9860966422	-0.9940178925	-0.9940178925	0.9860966422	-0.9940178925
row-761	0.9860966422	0.9860966422	1.0060181085	1.0060181085	0.9860966422	1.0060181085
row-762	0.9860966422	0.9860966422	1.0060181085	1.0060181085	0.9860966422	1.0060181085
row-763	0.9860966422	0.9860966422	1.0060181085	1.0060181085	0.9860966422	1.0060181085
row-764	0.9860966422	0.9860966422	-0.9940178925	-0.9940178925	0.9860966422	-0.9940178925
row-765	-1.0140993866	-1.0140993866	-0.9940178925	-0.9940178925	-1.0140993866	-0.9940178925
row-766	-1.0140993866	-1.0140993866	-0.9940178925	-0.9940178925	-1.0140993866	-0.9940178925
row-767	0.9860966422	0.9860966422	1.0060181085	1.0060181085	0.9860966422	1.0060181085
row-768	-1.0140993866	-1.0140993866	-0.9940178925	-0.9940178925	-1.0140993866	-0.9940178925
row-769	-1.0140993866	-1.0140993866	1.0060181085	1.0060181085	-1.0140993866	1.0060181085
row-770	0.9860966422	0.9860966422	1.0060181085	1.0060181085	0.9860966422	1.0060181085
row-771	-1.0140993866	-1.0140993866	1.0060181085	1.0060181085	-1.0140993866	1.0060181085
row-772	0.9860966422	0.9860966422	1.0060181085	1.0060181085	0.9860966422	1.0060181085
row-773	0.9860966422	0.9860966422	1.0060181085	1.0060181085	0.9860966422	1.0060181085
row-774	-1.0140993866	-1.0140993866	1.0060181085	1.0060181085	-1.0140993866	1.0060181085
row-775	0.9860966422	0.9860966422	-0.9940178925	-0.9940178925	0.9860966422	-0.9940178925
row-776	0.9860966422	0.9860966422	-0.9940178925	-0.9940178925	0.9860966422	-0.9940178925
row-777	0.9860966422	0.9860966422	-0.9940178925	-0.9940178925	0.9860966422	-0.9940178925
row-778	-1.0140993866	-1.0140993866	1.0060181085	1.0060181085	-1.0140993866	1.0060181085
row-779	0.9860966422	0.9860966422	1.0060181085	1.0060181085	0.9860966422	1.0060181085
row-780	-1.0140993866	-1.0140993866	1.0060181085	1.0060181085	-1.0140993866	1.0060181085
row-781	0.9860966422	0.9860966422	1.0060181085	1.0060181085	0.9860966422	1.0060181085
row-782	0.9860966422	0.9860966422	-0.9940178925	-0.9940178925	0.9860966422	-0.9940178925
row-783	-1.0140993866	-1.0140993866	-0.9940178925	-0.9940178925	-1.0140993866	-0.9940178925
row-784	0.9860966422	0.9860966422	1.0060181085	1.0060181085	0.9860966422	1.0060181085
row-785	-1.0140993866	-1.0140993866	1.0060181085	1.0060181085	-1.0140993866	1.0060181085
row-786	0.9860966422	0.9860966422	1.0060181085	1.0060181085	0.9860966422	1.0060181085
row-787	0.9860966422	0.9860966422	-0.9940178925	-0.9940178925	0.9860966422	-0.9940178925
row-788	-1.0140993866	-1.0140993866	1.0060181085	1.0060181085	-1.0140993866	1.0060181085
row-789	-1.0140993866	-1.0140993866	-0.9940178925	-0.9940178925	-1.0140993866	-0.9940178925
row-790	0.9860966422	0.9860966422	-0.9940178925	-0.9940178925	0.9860966422	-0.9940178925
row-791	-1.0140993866	-1.0140993866	-0.9940178925	-0.9940178925	-1.0140993866	-0.9940178925
row-792	0.9860966422	0.9860966422	1.0060181085	1.0060181085	0.9860966422	1.0060181085
row-793	0.9860966422	0.9860966422	-0.9940178925	-0.9940178925	0.9860966422	-0.9940178925
row-794	-1.0140993866	-1.0140993866	1.0060181085	1.0060181085	-1.0140993866	1.0060181085
row-795	0.9860966422	0.9860966422	-0.9940178925	-0.9940178925	0.9860966422	-0.9940178925
row-796	-1.0140993866	-1.0140993866	-0.9940178925	-0.9940178925	-1.0140993866	-0.9940178925
row-797	-1.0140993866	-1.0140993866	1.0060181085	1.0060181085	-1.0140993866	1.0060181085
row-798	0.9860966422	0.9860966422	-0.9940178925	-0.9940178925	0.9860966422	-0.9940178925
row-799	0.9860966422	0.9860966422	1.0060181085	1.0060181085	0.9860966422	1.0060181085
row-800	-1.0140993866	-1.0140993866	-0.9940178925	-0.9940178925	-1.0140993866	-0.9940178925
row-801	0.9860966422	0.9860966422	1.0060181085	1.0060181085	0.9860966422	1.0060181085
row-802	0.9860966422	0.9860966422	1.0060181085	1.0060181085	0.9860966422	1.0060181085
row-803	-1.0140993866	-1.0140993866	-0.9940178925	-0.9940178925	-1.0140993866	-0.9940178925
row-804	0.9860966422	0.9860966422	-0.9940178925	-0.9940178925	0.9860966422	-0.9940178925
row-805	0.9860966422	0.9860966422	-0.9940178925	-0.9940178925	0.9860966422	-0.9940178925
row-806	-1.0140993866	-1.0140993866	1.0060181085	1.0060181085	-1.0140993866	1.0060181085
row-807	0.9860966422	0.9860966422	1.0060181085	1.0060181085	0.9860966422	1.0060181085
row-808	0.9860966422	0.9860966422	-0.9940178925	-0.9940178925	0.9860966422	-0.9940178925
row-809	-1.0140993866	-1.0140993866	-0.9940178925	-0.9940178925	-1.0140993866	-0.9940178925
row-810	0.9860966422	0.9860966422	-0.9940178925	-0.9940178925	0.9860966422	-0.9940178925
row-811	0.9860966422	0.9860966422	1.0060181085	1.0060181085	0.9860966422	1.0060181085
row-812	0.9860966422	0.9860966422	-0.9940178925	-0.9940178925	0.9860966422	-0.9940178925
row-813	-1.0140993866	-1.0140993866	1.0060181085	1.0060181085	-1.0140993866	1.0060181085
row-814	-1.0140993866	-1.0140993866	1.0060181085	1.0060181085	-1.0140993866	1.0060181085
row-815	0.9860966422	0.9860966422	1.0060181085	1.0060181085	0.9860966422	1.0060181085
row-816	-1.0140993866	-1.0140993866	-0.9940178925	-0.9940178925	-1.0140993866	-0.9940178925
row-817	0.9860966422	0.9860966422	1.0060181085	1.0060181085	0.9860966422	1.0060181085
row-818	0.9860966422	0.9860966422	-0.9940178925	-0.9940178925	0.9860966422	-0.9940178925
row-819	0.9860966422	0.9860966422	-0.9940178925	-0.9940178925	0.9860966422	-0.9940178925
row-820	0.9860966422	0.9860966422	1.0060181085	1.0060181085	0.9860966422	1.0060181085
row-821	0.9860966422	0.9860966422	1.0060181085	1.0060181085	0.9860966422	1.0060181085
row-822	0.9860966422	0.9860966422	1.0060181085	1.0060181085	0.9860966422	1.0060181085
row-823	-1.0140993866	-1.0140993866	1.0060181085	1.0060181085	-1.0140993866	1.0060181085
row-824	-1.0140993866	-1.0140993866	-0.9940178925	-0.9940178925	-1.0140993866	-0.9940178925
row-825	0.9860966422	0.9860966422	-0.9940178925	-0.9940178925	0.9860966422	-0.9940178925
row-826	0.9860966422	0.9860966422	1.0060181085	1.0060181085	0.9860966422	1.0060181085
row-827	-1.0140993866	-1.0140993866	-0.9940178925	-0.9940178925	-1.0140993866	-0.9940178925
row-828	0.9860966422	0.9860966422	1.0060181085	1.0060181085	0.9860966422	1.0060181085
row-829	0.9860966422	0.9860966422	-0.9940178925	-0.9940178925	0.9860966422	-0.9940178925
row-830	0.9860966422	0.9860966422	1.0060181085	1.0060181085	0.9860966422	1.0060181085
row-831	-1.0140993866	-1.0140993866	-0.9940178925	-0.9940178925	-1.0140993866	-0.9940178925
row-832	0.9860966422	0.9860966422	1.0060181085	1.0060181085	0.9860966422	1.0060181085
row-833	-1.0140993866	-1.0140993866	-0.9940178925	-0.9940178925	-1.0140993866	-0.9940178925
row-834	-1.0140993866	-1.0140993866	1.0060181085	1.0060181085	-1.0140993866	1.0060181085
row-835	-1.0140993866	-1.0140993866	1.0060181085	1.0060181085	-1.0140993866	1.0060181085
row-836	0.9860966422	0.9860966422	1.0060181085	1.0060181085	0.9860966422	1.0060181085
row-837	-1.0140993866	-1.0140993866	-0.9940178925	-0.9940178925	-1.0140993866	-0.9940178925
row-838	-1.0140993866	-1.0140993866	1.0060181085	1.0060181085	-1.0140993866	1.0060181085
row-839	-1.0140993866	-1.0140993866	1.0060181085	1.0060181085	-1.0140993866	1.0060181085
row-840	-1.0140993866	-1.0140993866	1.0060181085	1.0060181085	-1.0140993866	1.0060181085
row-841	-1.0140993866	-1.0140993866	-0.9940178925	-0.9940178925	-1.0140993866	-0.9940178925
row-842	0.9860966422	0.9860966422	1.0060181085	1.0060181085	0.9860966422	1.0060181085
row-843	0.9860966422	0.9860966422	1.0060181085	1.0060181085	0.9860966422	1.0060181085
row-844	-1.0140993866	-1.0140993866	-0.9940178925	-0.9940178925	-1.0140993866	-0.9940178925
row-845	0.9860966422	0.9860966422	-0.9940178925	-0.9940178925	0.9860966422	-0.9940178925
row-846	0.9860966422	0.9860966422	-0.9940178925	-0.9940178925	0.9860966422	-0.9940178925
row-847	0.9860966422	0.9860966422	-0.9940178925	-0.9940178925	0.9860966422	-0.9940178925
row-848	-1.0140993866	-1.0140993866	1.0060181085	1.0060181085	-1.0140993866	1.0060181085
row-849	-1.0140993866	-1.0140993866	-0.9940178925	-0.9940178925	-1.0140993866	-0.9940178925
row-850	-1.0140993866	-1.0140993866	-0.9940178925	-0.9940178925	-1.0140993866	-0.9940178925
row-851	-1.0140993866	-1.0140993866	-0.9940178925	-0.9940178925	-1.0140993866	-0.9940178925
row-852	0.9860966422	0.9860966422	1.0060181085	1.0060181085	0.9860966422	1.0060181085
row-853	-1.0140993866	-1.0140993866	1.0060181085	1.0060181085	-1.0140993866	1.0060181085
row-854	0.9860966422	0.9860966422	1.0060181085	1.0060181085	0.9860966422	1.0060181085
row-855	0.9860966422	0.9860966422	1.0060181085	1.0060181085	0.9860966422	1.0060181085
row-856	-1.0140993866	-1.0140993866	-0.9940178925	-0.9940178925	-1.0140993866	-0.9940178925
row-857	0.9860966422	0.9860966422	1.0060181085	1.0060181085	0.9860966422	1.0060181085
row-858	0.9860966422	0.9860966422	-0.9940178925	-0.9940178925	0.9860966422	-0.9940178925
row-859	-1.0140993866	-1.0140993866	-0.9940178925	-0.9940178925	-1.0140993866	-0.9940178925
row-860	-1.0140993866	-1.0140993866	-0.9940178925	-0.9940178925	-1.0140993866	-0.9940178925
row-861	0.9860966422	0.9860966422	-0.9940178925	-0.9940178925	0.9860966422	-0.9940178925
row-862	0.9860966422	0.9860966422	-0.9940178925	-0.9940178925	0.9860966422	-0.9940178925
row-863	0.9860966422	0.9860966422	1.0060181085	1.0060181085	0.9860966422	1.0060181085
row-864	0.9860966422	0.9860966422	-0.9940178925	-0.9940178925	0.9860966422	-0.9940178925
row-865	0.9860966422	0.9860966422	1.0060181085	1.0060181085	0.9860966422	1.0060181085
row-866	0.9860966422	0.9860966422	-0.9940178925	-0.9940178925	0.9860966422	-0.9940178925
row-867	0.9860966422	0.9860966422	-0.9940178925	-0.9940178925	0.9860966422	-0.9940178925
row-868	0.9860966422	0.9860966422	1.0060181085	1.0060181085	0.9860966422	1.0060181085
row-869	0.9860966422	0.9860966422	-0.9940178925	-0.9940178925	0.9860966422	-0.9940178925
row-870	0.9860966422	0.9860966422	1.0060181085	1.0060181085	0.9860966422	1.0060181085
row-871	0.9860966422	0.9860966422	-0.9940178925	-0.9940178925	0.9860966422	-0.9940178925
row-872	0.9860966422	0.9860966422	1.0060181085	1.0060181085	0.9860966422	1.0060181085
row-873	-1.0140993866	-1.0140993866	-0.9940178925	-0.9940178925	-1.0140993866	-0.9940178925
row-874	0.9860966422	0.9860966422	-0.9940178925	-0.9940178925	0.9860966422	-0.9940178925
row-875	-1.0140993866	-1.0140993866	1.0060181085	1.0060181085	-1.0140993866	1.0060181085
row-876	-1.0140993866	-1.0140993866	1.0060181085	1.0060181085	-1.0140993866	1.0060181085
row-877	-1.0140993866	-1.0140993866	1.0060181085	1.0060181085	-1.0140993866	1.0060181085
row-878	-1.0140993866	-1.0140993866	-0.9940178925	-0.9940178925	-1.0140993866	-0.9940178925
row-879	-1.0140993866	-1.0140993866	-0.9940178925	-0.9940178925	-1.0140993866	-0.9940178925
row-880	-1.0140993866	-1.0140993866	-0.9940178925	-0.9940178925	-1.0140993866	-0.9940178925
row-881	-1.0140993866	-1.0140993866	-0.9940178925	-0.9940178925	-1.0140993866	-0.9940178925
row-882	0.9860966422	0.9860966422	-0.9940178925	-0.9940178925	0.9860966422	-0.9940178925
row-883	-1.0140993866	-1.0140993866	-0.9940178925	-0.9940178925	-1.0140993866	-0.9940178925
row-884	0.9860966422	0.9860966422	-0.9940178925	-0.9940178925	0.9860966422	-0.9940178925
row-885	0.9860966422	0.9860966422	-0.9940178925	-0.9940178925	0.9860966422	-0.9940178925
row-886	0.9860966422	0.9860966422	1.0060181085	1.0060181085	0.9860966422	1.0060181085
row-887	-1.0140993866	-1.0140993866	-0.9940178925	-0.9940178925	-1.0140993866	-0.9940178925
row-888	-1.0140993866	-1.0140993866	1.0060181085	1.0060181085	-1.0140993866	1.0060181085
row-889	0.9860966422	0.9860966422	-0.9940178925	-0.9940178925	0.9860966422	-0.9940178925
row-890	-1.0140993866	-1.0140993866	-0.9940178925	-0.9940178925	-1.0140993866	-0.9940178925
row-891	0.9860966422	0.9860966422	-0.9940178925	-0.9940178925	0.9860966422	-0.9940178925
row-892	-1.0140993866	-1.0140993866	-0.9940178925	-0.9940178925	-1.0140993866	-0.9940178925
row-893	0.9860966422	0.9860966422	1.0060181085	1.0060181085	0.9860966422	1.0060181085
row-894	0.9860966422	0.9860966422	-0.9940178925	-0.9940178925	0.9860966422	-0.9940178925
row-895	-1.0140993866	-1.0140993866	1.0060181085	1.0060181085	-1.0140993866	1.0060181085
row-896	-1.0140993866	-1.0140993866	1.0060181085	1.0060181085	-1.0140993866	1.0060181085
row-897	0.9860966422	0.9860966422	-0.9940178925	-0.9940178925	0.9860966422	-0.9940178925
row-898	0.9860966422	0.9860966422	1.0060181085	1.0060181085	0.9860966422	1.0060181085
row-899	0.9860966422	0.9860966422	-0.9940178925	-0.9940178925	0.9860966422	-0.9940178925
row-900	0.9860966422	0.9860966422	1.0060181085	1.0060181085	0.9860966422	1.0060181085
row-901	0.9860966422	0.9860966422	-0.9940178925	-0.9940178925	0.9860966422	-0.9940178925
row-902	0.9860966422	0.9860966422	1.0060181085	1.0060181085	0.9860966422	1.0060181085
row-903	0.9860966422	0.9860966422	-0.9940178925	-0.9940178925	0.9860966422	-0.9940178925
row-904	-1.0140993866	-1.0140993866	-0.9940178925	-0.9940178925	-1.0140993866	-0.9940178925
row-905	-1.0140993866	-1.0140993866	-0.9940178925	-0.9940178925	-1.0140993866	-0.9940178925
row-906	-1.0140993866	-1.0140993866	-0.9940178925	-0.9940178925	-1.0140993866	-0.9940178925
row-907	0.9860966422	0.9860966422	-0.9940178925	-0.9940178925	0.9860966422	-0.9940178925
row-908	-1.0140993866	-1.0140993866	1.0060181085	1.0060181085	-1.0140993866	1.0060181085
row-909	-1.0140993866	-1.0140993866	1.0060181085	1.0060181085	-1.0140993866	1.0060181085
row-910	0.9860966422	0.9860966422	1.0060181085	1.0060181085	0.9860966422	1.0060181085
row-911	-1.0140993866	-1.0140993866	1.0060181085	1.0060181085	-1.0140993866	1.0060181085
row-912	0.9860966422	0.9860966422	1.0060181085	1.0060181085	0.9860966422	1.0060181085
row-913	0.9860966422	0.9860966422	1.0060181085	1.0060181085	0.9860966422	1.0060181085
row-914	0.9860966422	0.9860966422	-0.9940178925	-0.9940178925	0.9860966422	-0.9940178925
row-915	0.9860966422	0.9860966422	-0.9940178925	-0.9940178925	0.9860966422	-0.9940178925
row-916	-1.0140993866	-1.0140993866	-0.9940178925	-0.9940178925	-1.0140993866	-0.9940178925
row-917	-1.0140993866	-1.0140993866	1.0060181085	1.0060181085	-1.0140993866	1.0060181085
row-918	0.9860966422	0.9860966422	-0.9940178925	-0.9940178925	0.9860966422	-0.9940178925
row-919	0.9860966422	0.9860966422	-0.9940178925	-0.9940178925	0.9860966422	-0.9940178925
row-920	0.9860966422	0.9860966422	-0.9940178925	-0.9940178925	0.9860966422	-0.9940178925
row-921	-1.0140993866	-1.0140993866	1.0060181085	1.0060181085	-1.0140993866	1.0060181085
row-922	-1.0140993866	-1.0140993866	1.0060181085	1.0060181085	-1.0140993866	1.0060181085
row-923	-1.0140993866	-1.0140993866	1.0060181085	1.0060181085	-1.0140993866	1.0060181085
row-924	-1.0140993866	-1.0140993866	1.0060181085	1.0060181085	-1.0140993866	1.0060181085
row-925	-1.0140993866	-1.0140993866	-0.9940178925	-0.9940178925	-1.0140993866	-0.9940178925
row-926	0.9860966422	0.9860966422	-0.9940178925	-0.9940178925	0.9860966422	-0.9940178925
row-927	-1.0140993866	-1.0140993866	-0.9940178925	-0.9940178925	-1.0140993866	-0.9940178925
row-928	0.9860966422	0.9860966422	1.0060181085	1.0060181085	0.9860966422	1.0060181085
row-929	0.9860966422	0.9860966422	1.0060181085	1.0060181085	0.9860966422	1.0060181085
row-930	-1.0140993866	-1.0140993866	1.0060181085	1.0060181085	-1.0140993866	1.0060181085
row-931	0.9860966422	0.9860966422	-0.9940178925	-0.9940178925	0.9860966422	-0.9940178925
row-932	0.9860966422	0.9860966422	1.0060181085	1.0060181085	0.9860966422	1.0060181085
row-933	0.9860966422	0.9860966422	-0.9940178925	-0.9940178925	0.9860966422	-0.9940178925
row-934	0.9860966422	0.9860966422	1.0060181085	1.0060181085	0.9860966422	1.0060181085
row-935	0.9860966422	0.9860966422	-0.9940178925	-0.9940178925	0.9860966422	-0.9940178925
row-936	-1.0140993866	-1.0140993866	-0.9940178925	-0.9940178925	-1.0140993866	-0.9940178925
row-937	-1.0140993866	-1.0140993866	1.0060181085	1.0060181085	-1.0140993866	1.0060181085
row-938	0.9860966422	0.9860966422	-0.9940178925	-0.9940178925	0.9860966422	-0.9940178925
row-939	-1.0140993866	-1.0140993866	1.0060181085	1.0060181085	-1.0140993866	1.0060181085
row-940	-1.0140993866	-1.0140993866	1.0060181085	1.0060181085	-1.0140993866	1.0060181085
row-941	0.9860966422	0.9860966422	1.0060181085	1.0060181085	0.9860966422	1.0060181085
row-942	-1.0140993866	-1.0140993866	1.0060181085	1.0060181085	-1.0140993866	1.0060181085
row-943	0.9860966422	0.9860966422	1.0060181085	1.0060181085	0.9860966422	1.0060181085
row-944	-1.0140993866	-1.0140993866	-0.9940178925	-0.9940178925	-1.0140993866	-0.9940178925
row-945	0.9860966422	0.9860966422	1.0060181085	1.0060181085	0.9860966422	1.0060181085
row-946	0.9860966422	0.9860966422	-0.9940178925	-0.9940178925	0.9860966422	-0.9940178925
row-947	-1.0140993866	-1.0140993866	1.0060181085	1.0060181085	-1.0140993866	1.0060181085
row-948	-1.0140993866	-1.0140993866	-0.9940178925	-0.9940178925	-1.0140993866	-0.9940178925
row-949	-1.0140993866	-1.0140993866	1.0060181085	1.0060181085	-1.0140993866	1.0060181085
row-950	-1.0140993866	-1.0140993866	-0.9940178925	-0.9940178925	-1.0140993866	-0.9940178925
row-951	-1.0140993866	-1.0140993866	-0.9940178925	-0.9940178925	-1.0140993866	-0.9940178925
row-952	-1.0140993866	-1.0140993866	-0.9940178925	-0.9940178925	-1.0140993866	-0.9940178925
row-953	-1.0140993866	-1.0140993866	1.0060181085	1.0060181085	-1.0140993866	1.0060181085
row-954	-1.0140993866	-1.0140993866	-0.9940178925	-0.9940178925	-1.0140993866	-0.9940178925
row-955	-1.0140993866	-1.0140993866	-0.9940178925	-0.9940178925	-1.0140993866	-0.9940178925
row-956	0.9860966422	0.9860966422	1.0060181085	1.0060181085	0.9860966422	1.0060181085
row-957	0.9860966422	0.9860966422	1.0060181085	1.0060181085	0.9860966422	1.0060181085
row-958	0.9860966422	0.9860966422	-0.9940178925	-0.9940178925	0.9860966422	-0.9940178925
row-959	-1.0140993866	-1.0140993866	1.0060181085	1.0060181085	-1.0140993866	1.0060181085
row-960	-1.0140993866	-1.0140993866	-0.9940178925	-0.9940178925	-1.0140993866	-0.9940178925
row-961	0.9860966422	0.9860966422	-0.9940178925	-0.9940178925	0.9860966422	-0.9940178925
row-962	-1.0140993866	-1.0140993866	-0.9940178925	-0.9940178925	-1.0140993866	-0.9940178925
row-963	-1.0140993866	-1.0140993866	1.0060181085	1.0060181085	-1.0140993866	1.0060181085
row-964	-1.0140993866	-1.0140993866	1.0060181085	1.0060181085	-1.0140993866	1.0060181085
row-965	0.9860966422	0.9860966422	-0.9940178925	-0.9940178925	0.9860966422	-0.9940178925
row-966	0.9860966422	0.9860966422	-0.9940178925	-0.9940178925	0.9860966422	-0.9940178925
row-967	0.9860966422	0.9860966422	1.0060181085	1.0060181085	0.9860966422	1.0060181085
row-968	-1.0140993866	-1.0140993866	-0.9940178925	-0.9940178925	-1.0140993866	-0.9940178925
row-969	-1.0140993866	-1.0140993866	1.0060181085	1.0060181085	-1.0140993866	1.0060181085
row-970	0.9860966422	0.9860966422	-0.9940178925	-0.9940178925	0.9860966422	-0.9940178925
row-971	-1.0140993866	-1.0140993866	-0.9940178925	-0.9940178925	-1.0140993866	-0.9940178925
row-972	-1.0140993866	-1.0140993866	1.0060181085	1.0060181085	-1.0140993866	1.0060181085
row-973	-1.0140993866	-1.0140993866	-0.9940178925	-0.9940178925	-1.0140993866	-0.9940178925
row-974	-1.0140993866	-1.0140993866	1.0060181085	1.0060181085	-1.0140993866	1.0060181085
row-975	0.9860966422	0.9860966422	1.0060181085	1.0060181085	0.9860966422	1.0060181085
row-976	0.9860966422	0.9860966422	-0.9940178925	-0.9940178925	0.9860966422	-0.9940178925
row-977	0.9860966422	0.9860966422	-0.9940178925	-0.9940178925	0.9860966422	-0.9940178925
row-978	-1.0140993866	-1.0140993866	1.0060181085	1.0060181085	-1.0140993866	1.0060181085
row-979	0.9860966422	0.9860966422	-0.9940178925	-0.9940178925	0.9860966422	-0.9940178925
row-980	-1.0140993866	-1.0140993866	1.0060181085	1.0060181085	-1.0140993866	1.0060181085
row-981	0.9860966422	0.9860966422	-0.9940178925	-0.9940178925	0.9860966422	-0.9940178925
row-982	0.9860966422	0.9860966422	1.0060181085	1.0060181085	0.9860966422	1.0060181085
row-983	0.9860966422	0.9860966422	1.0060181085	1.0060181085	0.9860966422	1.0060181085
row-984	-1.0140993866	-1.0140993866	1.0060181085	1.0060181085	-1.0140993866	1.0060181085
row-985	-1.0140993866	-1.0140993866	-0.9940178925	-0.9940178925	-1.0140993866	-0.9940178925
row-986	-1.0140993866	-1.0140993866	-0.9940178925	-0.9940178925	-1.0140993866	-0.9940178925
row-987	0.9860966422	0.9860966422	1.0060181085	1.0060181085	0.9860966422	1.0060181085
row-988	0.9860966422	0.9860966422	1.0060181085	1.0060181085	0.9860966422	1.0060181085
row-989	0.9860966422	0.9860966422	1.0060181085	1.0060181085	0.9860966422	1.0060181085
row-990	-1.0140993866	-1.0140993866	-0.9940178925	-0.9940178925	-1.0140993866	-0.9940178925
row-991	0.9860966422	0.9860966422	1.0060181085	1.0060181085	0.9860966422	1.0060181085
row-992	-1.0140993866	-1.0140993866	-0.9940178925	-0.9940178925	-1.0140993866	-0.9940178925
row-993	-1.0140993866	-1.0140993866	-0.9940178925	-0.9940178925	-1.0140993866	-0.9940178925
row-994	0.9860966422	0.9860966422	1.0060181085	1.0060181085	0.9860966422	1.0060181085
row-995	-1.0140993866	-1.0140993866	1.0060181085	1.0060181085	-1.0140993866	1.0060181085
row-996	-1.0140993866	-1.0140993866	-0.9940178925	-0.9940178925	-1.0140993866	-0.9940178925
row-997	-1.0140993866	-1.0140993866	1.0060181085	1.0060181085	-1.0140993866	1.0060181085
row-998	-1.0140993866	-1.0140993866	-0.9940178925	-0.9940178925	-1.0140993866	-0.9940178925
row-999	0.9860966422	0.9860966422	1.0060181085	1.0060181085	0.9860966422	1.0060181085
row-1000	0.9860966422	0.9860966422	1.0060181085	1.0060181085	0.9860966422	1.0060181085
