	i1	i2	i3	i4	o1	o2
row-1	-1.0011956025	-0.2354800964	0.1860082111	-0.4787348146	-0.5074350401	-0.2345836864
row-2	0.4395901976	-1.1710589630	1.6615505185	-0.0758370745	-0.7284705850	0.3453688118
row-3	-0.6129293606	1.6180022342	-0.0141384586	0.5645008431	-1.2972649493	0.3877612836
row-4	0.4690637462	0.7378433150	1.2836908389	-0.7756195381	0.9800118979	0.5448994779
row-5	1.5806783944	0.3869482549	-0.9289504897	-0.1030256171	0.3258590254	-0.7155109755
row-6	-0.9237519307	-0.8555841309	2.2232175273	-1.4563318622	-0.9535715861	-0.6142954794
row-7	-1.1600758573	-1.5491785183	0.4617086775	0.3246364793	-0.9168114444	0.9787844363
row-8	-1.2912519064	0.5263660434	-0.1333872407	1.0770924699	-1.2009287463	-1.2520017553
row-9	-0.9838485293	1.0983851621	0.5157484824	-0.6702207582	-0.1592223049	1.2355303135
row-10	1.8387555091	0.5936071104	-0.0784537889	-0.9615132905	-0.3756017998	0.6053287598
row-11	-0.7495788708	0.6712651894	-0.3914318371	1.0780179283	-0.4501291429	-0.2759591591
row-12	0.8820805287	0.4345186130	1.4749766981	-1.0070265823	-0.3167607517	1.5520990901
row-13	-0.9301949949	0.6412256008	1.7826013126	-0.8646221660	-0.7512506604	0.2059280364
row-14	-0.6331422585	0.7302479748	0.0593350482	1.4428293135	-1.4634203677	0.5720559705
row-15	-0.0050595870	-0.5256634589	1.2341115199	-0.0471031548	0.8500866210	-0.8570057530
row-16	-0.9864261417	0.0148772044	0.0345345478	0.4993758288	-1.1040150401	-1.4178764968
row-17	0.5301712597	2.0876461336	0.3543097960	0.8572460248	-1.5055056166	0.9732560807
row-18	0.0989884299	0.2812067416	-0.3650829065	-1.1979934282	-0.4101476166	1.4417829645
row-19	-0.0791254890	0.5116593196	-0.4468934231	1.1542832709	-0.5834296395	-0.6705067617
row-20	0.1679408380	1.1827465818	-0.3949986541	-0.4900432470	-0.6809926309	-0.3269762777
row-21	0.4260185661	1.2016529550	-0.1942437850	-0.8447019294	1.1279979132	0.2286181823
row-22	-0.1136162532	-1.1127214375	0.7662987698	1.2985071709	0.7709693368	-1.0329781328
row-23	-0.4391831766	0.9703365506	1.6224838739	0.1389662862	-0.9505323506	0.1260082739
row-24	-1.2690708351	0.5328788294	-0.9681302955	0.6855435106	0.1288651693	-1.0811756440
row-25	-2.0576473455	-1.1476779156	0.2402935467	-0.9402021972	0.0075049899	0.8182637336
row-26	1.1958719513	-0.7726506852	-0.1830182603	0.7521381914	0.7106913871	-0.2576477010
row-27	-0.6287819501	-1.5006367966	-1.0241841998	1.0203744759	-0.3981851861	-0.1864149475
row-28	-0.2926185764	-0.4330781999	-0.0993786270	0.6298198737	-0.2377584522	0.2034722428
row-29	0.6366519706	-0.6754429120	0.0657741540	-2.5388992741	0.4894175749	1.0102939786
row-30	-1.6238069566	1.5821713043	0.7501982861	-1.1719478323	-1.8903633393	0.3797164873
row-31	1.7600867945	0.6495848328	0.9155689147	0.5134433111	-1.1676345643	2.2123884690
row-32	-1.0226771149	0.9579782746	0.9356304242	-0.1639669014	-0.3079429824	-0.8198770679
row-33	-0.0421244948	-0.2299499796	0.5040450276	-0.1222352254	0.3340428855	-1.1901604694
row-34	-0.0510860161	0.5043413013	0.7231960385	-0.6747911239	0.1799649833	0.2938042021
row-35	1.3522059997	-1.5398851232	0.0690656867	-0.8789943381	0.8784707705	0.1827933749
row-36	-0.3599967533	-0.3853191508	-1.5763957945	-1.6230283084	0.6372322496	0.6327273277
row-37	0.9361383318	-0.3257707478	-0.3642768327	-0.4005390385	0.3098759213	-0.6962618761
row-38	-0.6956172893	-0.3620042405	1.7999511653	-0.9193967476	-1.2176451066	0.6761199441
row-39	-0.5580490408	-0.3275743231	-0.6550188391	-0.6651139294	-1.7674978882	0.1440017483
row-40	-0.4417312886	-1.4624238834	-2.0107304203	1.0851016795	-0.4330211251	-1.0386063449
row-41	0.8672262994	-0.1858841441	0.8525933458	-1.5519825293	-0.2285172603	-0.2672625080
row-42	-1.4119110764	0.1640993603	0.3618706162	0.2674630545	0.6163631440	-0.4873818517
row-43	2.8003661756	1.7306402156	-1.9020233640	0.7747115778	1.6008229675	-1.1059212179
row-44	1.1550909085	-0.7986905272	-0.9055850517	0.5314377928	0.6137222259	0.5722180662
row-45	0.9696926347	-1.7168854417	1.6717538855	2.6465605071	2.2183667590	0.9591723064
row-46	0.5451742093	0.1091859139	-0.3029879898	0.9418035752	-0.1071049138	0.2487104036
row-47	-1.6310411313	-0.1334293425	-0.1973604406	-0.0517856076	-0.0311356776	-1.2691793286
row-48	-0.8453940851	-1.7429330751	-0.9843112721	-1.0932189278	-0.2777937596	0.5205966368
row-49	1.2538937516	0.5915436155	-0.4784617915	-1.5805498519	0.0910424040	0.0627907411
row-50	0.2295887093	-0.7789133651	-0.5004378493	-1.7647387872	2.4172036628	0.0500669611
row-51	0.5131006964	-0.0653437164	0.5180586190	0.0712150035	0.3224196793	1.5556757648
row-52	1.6060332096	-0.6392740040	-1.0037458702	0.6225406164	1.0077133646	0.0729980229
row-53	0.5204640940	-0.5219104484	-2.1079965143	-2.1760709533	1.1802056822	0.6312222167
row-54	0.4000258200	-0.6765356595	0.4495277827	0.1105843698	0.1787805147	1.4624969251
row-55	1.4278388039	-0.8683459586	0.0222153721	-1.0221536800	1.5706208066	0.7194975489
row-56	0.8690220056	0.3794842846	0.1699824016	-0.1802608696	1.4799492056	-1.4489438006
row-57	-1.3109733600	0.3850314517	-0.3650168074	1.9001787609	-1.6490398011	-0.9345659381
row-58	-0.4521719689	-0.6022881665	1.3116181218	0.2973567936	1.0304433278	0.0914325414
row-59	0.2078301982	-0.7019367575	0.1362085028	-0.1211963215	0.7713871377	-0.1503861802
row-60	-1.0885628805	0.5674204652	-0.3044974541	1.1907990935	-0.5314832397	-0.7254621972
row-61	-0.5914229896	-2.0085605584	0.3474764940	0.7097790670	0.0195602409	-0.0713442698
row-62	-0.4897126783	-1.2889789755	-1.9858771403	-0.2716639734	0.7138502588	-0.0986935044
row-63	0.0200313550	-0.0469287908	-0.3910877495	-0.1009162533	1.1097097000	0.6680772187
row-64	-1.5080845832	-0.5014203879	-1.6584298996	0.3369536390	-1.2986636452	-0.9939863742
row-65	1.5545712401	0.2266728661	0.0058575780	0.3337094843	-0.4984720181	-0.8571431355
row-66	-0.7707888446	0.2764617589	1.1269515029	-1.3126622872	-0.1664848761	0.6574663759
row-67	0.9545505977	1.6867635345	0.8532514302	-0.7059125687	-0.5110774707	1.4222895951
row-68	0.8432633509	1.2293718735	0.3370399599	0.3115018669	-0.4731959337	-0.7816394001
row-69	1.0312685743	-1.9003067325	-0.4601687847	-1.5871351648	0.2174814754	0.6338878471
row-70	-1.0788717686	-0.3428558494	-1.2685914904	1.4422248463	-0.1925694785	-1.2027325155
row-71	-1.7590381186	0.1632528171	-1.0751289542	-1.0145841681	0.3144709157	-1.2760855582
row-72	-1.3493051744	-0.1965742361	-0.6540503272	1.9951182796	-0.1829294200	0.2960728701
row-73	1.1157327724	-0.8076305826	-0.8052209492	-0.0659440204	0.1624796564	-0.4210335585
row-74	-1.0134885826	1.7682885796	0.7222901361	1.2108770437	-1.8457515746	-0.0143340574
row-75	1.8407392922	-0.2363466289	0.3133635591	-2.2110473901	-0.9468542686	0.5524694039
row-76	-0.7949672604	-0.5763766473	-0.5994787613	0.8006654509	-0.0857020523	-0.6849222257
row-77	-0.0867174274	-0.7094544909	0.4945790676	1.4039130485	0.3207153455	-0.7357512970
row-78	-0.5861592889	-0.8303040906	-1.3843735827	1.3325318000	0.8470255160	-0.9046924022
row-79	-0.1112241801	1.0479393876	1.0418085395	-0.0283408425	0.4736276992	1.6688643152
row-80	-2.0364652885	-0.2281902006	1.1626229765	0.0533489875	-0.4600911908	-0.8247863110
row-81	1.1328002417	-1.9122977659	0.3487954502	-1.0938652784	1.3224433072	1.5406462636
row-82	-0.2473356967	0.1287850835	-0.3245257835	0.6398698274	-0.0081462496	-0.0736077238
row-83	0.4233030801	-1.1286874095	0.2093006954	0.0615721564	1.2652606823	-0.6177159578
row-84	0.6739722015	-1.2822625832	0.1072218606	-1.0409750948	0.8970875663	0.2900196648
row-85	0.4366501062	-1.6529324412	0.5434312391	1.7464879450	1.9147532225	-0.5548739132
row-86	-0.4162309106	0.2044893539	-0.9279970769	1.3053627177	-1.0792451750	-1.2189568527
row-87	1.9109598888	-0.4656487781	0.3046343518	-1.1766575792	1.3298410437	0.8396731551
row-88	0.7956545587	-0.1653000619	0.9432071415	-0.2571319200	1.2113264561	-0.3662878719
row-89	0.2289946531	0.5813992193	-0.2636176109	-0.3496903749	-1.3081347647	0.3489582002
row-90	1.9117137504	-0.4078851992	0.6060918772	-0.4761884155	1.3195512756	1.4323049888
row-91	0.3406370250	0.1058572470	-0.6981335333	-1.4629062483	-0.7031362897	1.1307773833
row-92	0.0853226979	-1.4013988022	-1.4735252004	0.5112468823	1.0533432679	-1.4900242585
row-93	-0.3699718159	1.1003335961	-0.2963879121	-0.4290750451	-0.6767071630	3.2100773015
row-94	0.1717658703	-0.4396141458	1.2459742536	-0.1065959079	-0.6102613523	1.5335346410
row-95	0.4569583060	-0.9645219459	-0.9293621130	0.9580094347	0.8100172702	-1.8378036080
row-96	-1.3414745119	1.4553181466	-1.3807872389	1.6208174700	-0.9588507187	-0.6232607620
row-97	-0.2944874834	0.6025554208	1.9016512748	0.9820496685	-1.8716350004	1.5066179843
row-98	-1.3976131204	1.1792213483	1.5969592220	0.6470980189	-0.5842706754	0.7458855765
row-99	0.9096629496	1.0227162047	1.2909091342	1.0376331502	-0.2452450360	-0.0312924326
row-100	0.6275843311	0.3842041315	0.8035050432	0.8895267800	1.4254213253	-0.3821303545
row-101	-0.8676881200	1.8623384998	-0.3366480578	-0.3108169028	-0.2608138317	1.3113409836
row-102	0.5961662108	-0.1892405760	-0.3387914849	-0.3459624068	1.4329846831	0.2676698477
row-103	1.7217222671	-0.4034374568	0.8320374267	-0.8282837402	0.7238237864	0.1785978481
row-104	-1.1025417144	0.0226348054	0.0749446368	0.3504954300	-0.4533775515	-0.5369919808
row-105	-1.7256180722	0.2318931803	1.3613850509	0.4370347919	-1.5939821360	-0.2032622173
row-106	-1.1102029301	0.1380130953	0.4694208167	-1.7879987154	0.7007042041	1.8234981405
row-107	1.2943994370	0.7743985097	0.4090688903	-0.2387127299	0.3808231956	0.5763746190
row-108	-0.7929217662	0.5531896226	0.1775723508	-0.5848880745	-1.6706757033	0.2463111832
row-109	-0.1711259688	1.2351559427	-0.9046541739	0.3534335796	-0.6158278231	-2.1293372127
row-110	1.8866862232	-1.4133445280	-0.5742627221	0.5382396830	0.7246455552	-0.7089586748
row-111	0.8037894623	0.1914691648	0.4966551814	1.1842390894	0.4914435313	0.4899827603
row-112	-0.8215194039	1.2102861520	0.0687008809	1.2062818875	-1.4612023049	0.2366423519
row-113	1.3945106835	0.1888960786	1.7552590429	-0.5920914056	2.1467373141	0.5565623675
row-114	-0.3846764671	-0.2424047516	0.8400936259	0.9892012510	0.7083641484	-0.1187096281
row-115	1.1195912759	-0.3004331972	-0.0678688834	0.2349765559	0.8251232014	0.1668276789
row-116	0.4009577232	0.6945734614	1.6126183662	0.7862056198	-0.0319128965	0.4646100407
row-117	0.0083700109	1.5965275794	-1.6256701027	-3.0341959001	-0.4491114191	0.1915799530
row-118	-0.5543325364	-1.2289174130	-0.9475277181	1.1448823854	0.5889801786	-0.8833142731
row-119	-0.4251601890	-0.5503818490	-1.2626733252	-1.6475852972	0.6393963826	0.3958715969
row-120	0.0334509577	-1.5159419138	1.7112843706	-0.4262830959	0.0545886753	0.7801754807
row-121	0.2349225605	-0.2937728590	-1.0122261155	0.1845029369	0.1350776300	-0.6014453800
row-122	-1.2019110426	-0.7403142770	0.0338961414	1.3104157130	0.4839020877	-1.1965752217
row-123	0.5830210203	0.5592917859	1.0383187226	-0.5360687014	-1.0234448345	1.3850831245
row-124	0.2188298959	1.0168392454	0.4265138163	-1.7354474041	-1.8338152577	0.3086937140
row-125	-0.5451158303	0.0443595566	-0.7076360167	0.0187880981	-0.7847303883	-0.6553507756
row-126	0.9830258510	-0.3264564181	0.6180483919	0.5701958088	1.0337678829	0.0205709111
row-127	-0.3501225012	-0.3994924959	-0.3571736661	0.5287743292	-2.5155273589	-1.4883922109
row-128	0.3601909827	-1.9336749946	0.6390891798	0.0575371164	1.0056657946	-1.6948940989
row-129	-0.9723999173	-1.0738450534	1.5813828284	-0.3697911896	0.0944278520	1.2085791766
row-130	2.0193879437	-0.5465836357	-0.6281086923	1.3664114830	0.5623885125	-0.7201283936
row-131	-1.4279033169	-0.5345795439	-1.3654469248	-1.3819725390	0.2397280171	-0.4254922369
row-132	-1.0347763064	-0.1122299230	-2.7632836379	-0.1122533004	0.6462055160	0.5447936871
row-133	0.1596491459	0.9833280012	-0.4144959055	0.5897196700	0.1565000476	-1.6413747651
row-134	1.0329602781	-1.5697583829	0.8106665846	-0.9604055333	0.7421265561	-0.3812631715
row-135	-0.5806564799	-0.4931285576	-2.2771642271	-0.4306848739	0.2385847170	-1.3600474451
row-136	-1.4138229367	0.7706671842	0.6364190862	0.0597293853	-1.6484166964	0.0701028368
row-137	-1.2696735036	0.7678328965	0.2278464157	-0.6593301027	-0.0252004460	0.1046424566
row-138	-0.8702210660	0.9273383616	0.3735215234	0.4613275656	-0.2491230474	0.0533047888
row-139	-1.2734941251	-0.8942442387	-0.6627814126	-1.3062287788	-0.0900023020	0.6114458798
row-140	1.4104233892	0.6366991132	0.0070905570	-0.3340041385	-0.3503276703	1.3009178766
row-141	1.2917292200	0.1431006550	0.8204150993	1.0554067317	0.1143138070	-0.5395719229
row-142	0.4611700593	-0.4630311666	0.1295056689	0.7096752030	-0.3373808584	-0.7644553258
row-143	-1.7334119231	-0.4604834870	-0.4582156298	0.3837865183	0.9555951572	1.4472041281
row-144	-0.6921246320	1.1130953415	-0.8298109200	0.9807408079	-0.4133953604	-1.1804531410
row-145	0.3425571245	0.6059037010	-0.7645125294	-0.9420886985	0.3343900957	0.4027411273
row-146	-0.4609995676	0.2347275215	-0.4038026795	0.2036432787	-0.9060426159	-0.7499205498
row-147	0.3493778973	0.5431976942	-0.0660840230	0.0499552572	-0.6162665436	-1.6914885454
row-148	-0.8708653853	1.1032223327	1.5288436069	-1.0042414973	-1.6040672606	0.0813323362
row-149	0.0675918275	-1.6290053042	0.3512060746	0.1304809934	0.7435837302	-0.4651108235
row-150	0.6296041848	0.5764774036	-1.2460521561	0.2712126530	-0.6010614537	0.8137074700
row-151	-1.0041798322	-0.8703040551	0.9139875118	-1.5890029142	-1.1438982851	1.6361333213
row-152	-1.7055392656	0.0846790039	0.4182217934	0.8234479752	0.2204914871	1.6397648503
row-153	-0.0760060850	-1.2686124412	-0.7558104004	-0.0581313779	0.2298955751	0.4762160181
row-154	1.2465709161	-0.5254751327	0.5049320096	0.2666472933	1.5283361513	-0.9635733286
row-155	-1.2910212027	1.9341950807	0.1544441475	0.1254520361	-0.9727166187	1.4091494350
row-156	0.6907657115	-1.7010101538	0.1643242068	3.4155127866	0.1951724404	-0.4737899326
row-157	0.5098829507	1.1904846549	-0.7323308286	-0.0547697419	-0.1080253027	0.5125294392
row-158	0.8753678172	0.0310586752	0.4654091293	-0.3065698308	1.1981135134	0.2646465145
row-159	0.9813890191	-0.3499756045	-0.3863793916	-1.0269480985	0.6933467526	-0.0804169731
row-160	-0.3638579984	0.4443462324	-0.5717760629	0.7066256538	-1.3818866629	-0.8069432682
row-161	-1.5079547684	0.2399483369	-0.4679321317	0.8104260844	-1.7298349644	-0.3958564031
row-162	-1.5341281160	1.2430015118	1.2284919139	0.5954354497	-0.6206302104	0.8620279048
row-163	-0.0093415314	2.8019659344	2.2171528961	-1.1225396194	0.9925821058	1.5403335655
row-164	0.2435162948	-0.5517017085	0.0023468748	1.2866722555	1.6333234631	-2.2424480252
row-165	-0.3424454829	-1.2839732862	-1.1186171487	-1.0630307467	-0.0234663744	0.4473347076
row-166	0.1920131848	0.0749325414	1.0348095680	-1.3632170229	0.4293170965	1.8656919231
row-167	0.5931848621	-0.7210130172	-0.8937054397	0.7797874840	0.7845256991	-1.2658653339
row-168	-0.2678541860	0.0297154909	0.6894741998	0.2087841448	-1.5941562730	1.4856051480
row-169	-0.7500999138	0.8388108168	-0.5991327464	0.6435297760	-0.1260917976	-1.7997436619
row-170	-1.6189077036	-0.6639713603	-1.6771386952	-1.6055341439	-0.1091534302	0.6236872808
row-171	0.0840030161	-0.8376954851	1.1893105013	0.4384928232	2.2091698268	0.2303188496
row-172	-0.9532279066	2.1942594659	0.2025305397	1.0817962479	-1.5166961931	-0.2508130838
row-173	-1.2901687129	0.8235388046	-1.2547797524	-1.7392723186	-2.1186524275	-0.4422377015
row-174	0.9790605149	0.2669854661	-1.2096599584	1.2514766092	-0.1080500823	-0.8511615512
row-175	1.3135215959	-1.1437182950	0.2908034831	0.3821937281	1.2089375530	1.6038078320
row-176	-0.9751057177	1.2568205067	0.4908329461	-0.0056461855	-1.4149588031	0.1427800832
row-177	-1.2762385129	-1.3133637389	-0.4225975227	0.5615273162	-0.8007090035	-0.1677354982
row-178	-0.2792647673	-1.1178876106	-1.8334261030	-1.6134476412	-0.0636617216	-0.1670320228
row-179	-0.5410183553	0.3533392718	-0.2894380602	-0.3362280947	0.0324743067	0.7751455798
row-180	0.8300287062	0.3808736527	-0.0650335601	-0.7308528405	-0.6762250051	2.1590965323
row-181	-1.0096923542	1.2845139434	-0.0324453177	-0.0004816153	-1.5215879594	-0.9539709905
row-182	0.1240493929	-0.9640448859	0.4206989620	0.9645120319	-0.3915529626	-0.1860693823
row-183	-0.8923598014	1.2852374922	-0.0938267008	-0.1862594542	-1.7727944155	0.3145178097
row-184	1.8953785569	0.2949757526	-0.1856472633	1.9318577818	-0.1611586497	-0.3991797035
row-185	-0.1970090773	1.4019479325	0.3553615092	-0.2140444438	-1.3779672216	1.2861334587
row-186	-1.1858136412	0.8615298929	-0.2527593905	-0.3468164399	-1.4602360466	-0.5841532009
row-187	0.3380789066	0.0476917618	-0.5325848579	-0.4114554676	-1.3975197500	1.3893390151
row-188	-0.5867473357	0.2552205846	-0.3351032278	-1.5294151914	0.0194222936	-1.0966250797
row-189	1.1582455459	-2.0808945437	0.9537114074	0.2130896753	-0.1190590624	1.3652634264
row-190	-1.0024629576	-0.8217891796	0.2341174695	0.4356684810	-0.5155756095	1.7188674822
row-191	1.2605970053	-0.1211480450	0.5852037047	1.2175576326	0.4757958732	-0.9838245340
row-192	-1.0709754718	-0.6191118681	0.8159091062	-0.6146314294	-0.5202547117	0.6487105809
row-193	-0.6833348794	-0.9353957631	-1.0997989840	-0.7013703099	0.9171763406	1.0175025297
row-194	0.9415636843	-0.0961413408	0.5622691426	0.7213070001	0.3282517902	-0.2235542857
row-195	-0.3715761984	-0.0338195923	1.0936677915	0.7867457317	-1.1115074483	0.4708365766
row-196	-1.8568732495	2.0009284429	1.3110207707	0.3385721765	-0.8216518394	-0.8889691917
row-197	0.0885745879	-0.5990890303	1.1634580513	0.6778419261	0.2516557375	-0.1751817054
row-198	-1.0769687244	-0.9530882140	-1.1204097369	-0.1451316627	0.2666610584	-0.6631871872
row-199	0.6623878723	1.2385960922	0.2647379983	-1.7110167642	0.3991493669	0.0773354407
row-200	1.0372047385	-0.4168696374	0.8419639266	1.5357259441	1.8830058962	-0.4014465637
row-201	0.7012362510	-1.7172021159	0.9875807967	-0.6612918506	1.1780784695	0.5362231725
row-202	0.1173924520	0.5072995624	0.8361114366	-1.7741443197	-1.3249475255	1.5674901687
row-203	-0.7114951391	-0.6659514016	-0.8720543973	-1.0066904151	-0.7363262968	0.6512553387
row-204	0.8084022363	-0.6778621564	0.1308348322	-0.2107342222	1.0368383576	0.1951458272
row-205	0.5370916183	-1.1774334984	-0.6810433730	-1.0184543792	1.1914273793	0.2545928818
row-206	-0.5048786478	-0.4252719778	0.1412585107	-1.0319381463	1.3431559906	0.6433105109
row-207	1.1191086004	0.5214393915	-0.1538534076	-0.0967930052	-0.2940543644	2.3194030387
row-208	-1.3502957826	0.5915159140	0.0200174129	-1.6268208592	-1.2404137958	0.4510430328
row-209	-0.9734178590	-0.2126033644	-1.0099622929	-0.9489958387	-0.1935342607	-2.2088355530
row-210	-0.6445123023	-0.6637520105	-0.5134610633	-0.7285546329	-1.2741248769	-1.0643045243
row-211	0.8406283510	0.4602245734	0.6457430322	-0.6895514014	1.1245495562	0.2108443375
row-212	-1.4907320119	-0.6120196393	2.3206992541	-0.6702320371	0.9717080307	2.0607846495
row-213	0.7211338410	-0.4745690760	-0.9078775807	0.7799432501	1.3662828338	0.7310159855
row-214	1.1971183118	0.9702544502	1.4489455183	-0.9124168831	0.1493388604	1.4298172943
row-215	-0.7838012335	-1.6140621552	-1.7901135268	-0.5007293508	-0.2969692110	-0.3212490756
row-216	1.7435341204	-1.3789250838	1.2247363591	-0.5387560496	2.1981737525	-0.7629648133
row-217	0.6953810814	0.4241053782	-1.6165706992	-0.4494540787	-1.0949498910	0.9021925463
row-218	0.0769605711	0.5530524963	-0.0823642021	1.2167150501	-0.1737262508	0.3420443694
row-219	0.7422144508	-0.4452090571	-1.1570213909	-0.1238432703	-0.0670351003	-0.1739970737
row-220	0.2883576435	0.4968231090	-0.0195804659	0.3577694964	-0.4378777760	-2.2398043082
row-221	0.9811474077	-0.2502293356	-1.0102613835	0.0424920451	1.4525167227	-0.2635373725
row-222	-1.3295475878	0.1453698274	-0.0347913575	-0.8893102501	0.2067292908	1.6696125097
row-223	1.5259741769	-0.0950443161	-0.6623451993	-1.1212559197	1.9215706928	-0.0599907451
row-224	-1.0771154394	0.2642830496	2.3055507462	-1.6578653843	-1.5820754362	0.9270425092
row-225	-0.9831938794	0.9893131776	1.1227035407	1.4013945483	-1.7120535914	0.1570465747
row-226	0.8946779859	-1.8212025273	0.2848556984	-0.2864436170	1.6516906074	1.1811551606
row-227	1.3775274160	1.1144890428	0.9963872280	-0.3269208580	-0.6887236606	-0.1226704941
row-228	1.4896553490	0.4445993230	1.4593048406	0.6854319224	0.1147638610	-0.2508976739
row-229	0.3731611494	-1.9228501543	0.9382677068	-1.1456210416	0.0583613065	2.0322930179
row-230	-0.2454323425	1.4920542022	-0.9842936671	1.7250633123	-0.5005546998	-1.3392293018
row-231	0.7487359714	-1.6164068434	-0.5131112162	0.4664400936	0.8169340160	-0.6528157646
row-232	0.0494849343	1.1929343229	-0.4635854432	-0.0319705929	-1.8264784893	0.0883591848
row-233	0.1545297322	0.8073114115	1.2280593509	-1.2846192730	0.4746467538	0.2447811193
row-234	-0.8799695835	0.5321808777	-0.4072539697	0.7101331290	-0.6945160806	0.3734005381
row-235	0.5276725604	-0.6218088134	0.9230896752	-1.3306988485	1.2047964515	0.5792810545
row-236	-1.3882070108	1.2621675988	1.1842249675	-0.0048025012	-0.0588283714	0.6873940472
row-237	0.1529287659	0.6523425534	-0.9121216702	-1.1709681240	0.5491815860	-0.1751179629
row-238	0.4515767607	-0.8384693955	-0.6155418312	-2.0051385294	1.1108928130	-0.8238352808
row-239	-1.3085124597	1.5502657158	-1.0036353044	-0.0412330472	-0.8911179169	-2.3838057834
row-240	0.0928848649	-0.4301198625	0.0854458756	-1.0544369668	2.0773037592	2.1245732961
row-241	1.0605584227	1.1340317606	-0.1202896138	1.2921012478	0.1915708397	0.9376970232
row-242	0.3856781574	0.0251027242	-1.4576614617	0.6387509104	0.8122638544	0.0591688927
row-243	0.4165048828	-0.9071742296	-1.1444128524	1.5753534117	0.8936363186	-0.7415372032
row-244	0.4480426985	-0.2311244472	-0.2476811489	-0.9952762826	0.5537239770	0.0063363701
row-245	0.1263766825	-0.8642152010	0.0187922313	-0.5192424988	0.2735622240	0.5611522805
row-246	1.0451770847	-1.7368778593	0.1240947452	1.8733506614	2.3426740512	0.0335978224
row-247	1.3367362072	-1.3620218083	-0.1396244247	-1.0530873890	1.1851095071	0.2312708265
row-248	-1.0032459945	-0.3613757173	0.9950160269	0.4287144770	-0.5798938017	1.4991813513
row-249	-0.3672815985	-0.3963999528	-2.3999813292	1.2428239249	1.5791631492	-1.8638304424
row-250	-0.1022390701	-1.0914745988	-0.8772670812	0.2399710493	-0.8917068474	0.8994759216
row-251	0.1251713483	-1.0137533674	0.7241610970	1.2198026736	2.0494669136	-0.0473389037
row-252	-1.0329478242	-0.5150089981	1.1926703859	-0.4908838622	-0.2889606031	1.2092808359
row-253	0.4609000271	-0.9704353755	3.2307125121	1.2881981089	1.6460340528	-0.2620101402
row-254	1.5664171104	0.4137923966	-0.8302782945	1.5014596358	1.3782752286	-1.7847012764
row-255	0.1655616027	0.2820191851	0.2255183073	-0.9558251300	0.0645901964	1.2748367239
row-256	-0.9994719823	-1.0437542362	-0.1331243273	1.0651132707	-0.2584543480	-0.5895071972
row-257	0.4290413138	0.0163153645	0.8642490542	-0.2892417036	1.5202060765	1.2103654326
row-258	-1.8400906727	-0.1952955351	1.4515536959	-0.1066405299	0.8040705177	1.8489617211
row-259	-0.0060920836	0.9622075590	0.6018760522	-0.8963460835	-0.2876001505	0.2197882365
row-260	-0.2572032080	-0.6026249868	-0.6859633486	-0.6224246304	1.2822564256	-0.0422284636
row-261	-0.2472332669	-1.1774781163	-0.1352941185	1.5727301626	1.6904191152	-1.0732025133
row-262	2.2927752611	-1.4416644720	-0.3477497954	0.0984338342	1.6040204770	0.1338826869
row-263	-0.0906025868	-0.3689676062	-0.2682329246	-0.1679502563	1.4977080895	0.4093945339
row-264	-1.4901000295	-1.2150059760	-1.8359653448	0.7639058180	-0.8709469417	-1.1148928559
row-265	-0.6386430260	-0.7167241055	-0.0954094800	-1.0335869747	-0.7646985072	2.1997290959
row-266	0.5361596551	-2.1628094340	-0.1550641263	0.8814972322	1.9831612666	-0.1498173314
row-267	-1.5599118089	0.8129053971	1.1629527371	1.4246947123	-1.5577856118	0.4881789568
row-268	0.4462250522	1.7100914394	0.9324820967	0.1327548424	-0.3904801664	0.7704230266
row-269	-1.3267267756	0.6309113704	1.2452262237	-2.3518907158	-0.4214030006	2.4477505784
row-270	-1.4006898190	1.1553876182	1.2657599425	-0.7612489451	-0.4263014353	1.9029954663
row-271	-0.8322935294	0.9198397275	-0.8785526101	0.1353637438	-1.6454601446	-1.0690106226
row-272	-0.1455670834	1.4709752120	1.0296420417	1.1705856389	-1.3179391191	-0.1459560758
row-273	0.1911645774	0.6477321722	1.1372887517	-1.1226186658	-0.7281698861	-0.6045128861
row-274	0.9367287960	-1.1929639758	0.5526338987	0.6840275401	1.5535179199	-0.6349400097
row-275	0.2054201358	0.4550642439	0.5176653221	1.7164992125	0.9866172144	-0.5219361592
row-276	1.2161690738	-0.2731552137	1.1350967528	0.2545075465	0.6932723329	-0.6959220397
row-277	-0.2375804286	-1.1417453457	0.3476081102	1.2420346711	0.2069366718	-0.0584485345
row-278	1.1505814389	-0.1712934521	0.2927535421	0.8502664333	0.3872972506	0.0631147274
row-279	0.7999664386	-1.5268234352	-1.5028958600	0.3677000408	0.1368793620	-1.5496605723
row-280	0.1947266078	-0.5888917446	-0.4841073677	-0.9675109685	0.4233360634	-0.6565275162
row-281	-1.9309368717	-0.5640029671	0.6469956478	-0.0862010215	-0.0260656784	1.0235895018
row-282	-0.2768939247	-1.0783477407	-1.0284001149	-1.0426104759	-0.0659178903	-0.0069118377
row-283	0.4894234448	0.4370912123	-0.2364599686	-0.1655023842	-0.8874736323	1.3333981110
row-284	-0.5624557797	-0.4833299713	0.4118784877	0.8535077479	0.1425631076	-0.5786897426
row-285	1.3794917071	-0.6391624285	-1.6151696646	1.1307747697	0.9032702159	-1.0877522117
row-286	0.2877051445	2.0869212791	-0.9739089805	1.2707224182	-0.3156474453	-0.2747780117
row-287	0.3733952500	-1.4403365266	1.2844558141	1.5493045148	1.7832915153	0.5335377791
row-288	0.2753554808	0.6813198430	-1.4517904536	-0.3093691704	-0.7331438767	-1.0985565978
row-289	-0.0217759279	0.0257577605	-2.4054429338	-0.1239272850	0.6717117148	-1.0391491099
row-290	-0.5426331817	0.7109168469	-1.7984438066	-0.5152633618	-0.3943934675	-1.2614546216
row-291	-0.4173213280	-0.8210044720	0.3246867035	-0.7502747592	0.8485282129	1.2812226166
row-292	-0.6093217757	-2.6028657419	-1.3747207015	-0.7779042471	-0.9625814008	0.3136768484
row-293	1.3249635740	1.2193499416	0.7335539780	-0.4769817452	0.2844634504	-0.3174551955
row-294	-0.0704142653	-0.5617614933	0.8567245618	-1.3522647189	1.1931685160	0.1701179459
row-295	-0.5206802929	-0.3971377509	0.4722324764	0.5480445941	-0.2011814741	0.2297932144
row-296	-1.1704410763	-0.0074312658	1.4730033699	-0.9295834131	-0.9692032539	1.9897560719
row-297	0.8697496629	0.7042388823	-0.0882038040	0.8264371117	-0.0110259852	-0.9438566951
row-298	-0.4070939289	1.2219963848	0.2116501730	0.1958424843	-0.6156543444	-0.3063283715
row-299	-0.3283353602	0.2569588782	1.1000837783	-0.4557448921	0.2563980531	2.2184094179
row-300	-1.0472634482	-0.7629058490	-0.2372930359	-0.3806080650	-0.6431982859	-0.3532193088
row-301	-0.2180545033	-0.0538910823	1.5787753178	0.8200555539	-1.6081549931	-1.0473246629
row-302	1.8761619350	0.9383681213	0.0763925563	-0.4065587538	0.0007680830	-0.8971409301
row-303	0.9181215622	0.8268566760	1.5064839596	-0.2639176108	-0.8165578204	0.5232549668
row-304	0.7211089294	-0.3928264148	-0.8623363718	-0.2311118589	-0.5073101318	-0.7550493696
row-305	-0.5951870927	0.7831807095	-1.0190371501	-0.3007980319	-1.5351046961	-0.4347203706
row-306	1.4408734713	-1.0519269109	-0.2536938602	2.3538962042	0.3013047472	0.0241188808
row-307	0.9231028923	-1.2704859384	-0.1305513331	0.9859478650	1.0642078459	-0.0951646900
row-308	0.0582692181	1.1456857935	0.9352015986	0.6619321531	0.2988903971	0.3141324114
row-309	-0.6749727022	0.6936542023	-0.8184544835	0.1268762192	-0.6141340897	0.4070054358
row-310	-0.1733223958	-1.0923900140	1.0475928119	0.1760277630	-0.0458513526	-0.0188770314
row-311	0.1330976252	0.0210114372	0.0805875662	0.8165209167	-0.2869677694	1.7789422975
row-312	-0.9173334574	-0.6131009831	1.4921808038	-1.2438964107	0.5968294227	0.7439873385
row-313	0.0634983487	-0.9626502234	-0.4567290144	-0.0287284589	1.9119930664	0.3237081982
row-314	1.2747257617	-0.1995193651	0.2021179220	1.4382812947	-0.2938203043	-0.6180590370
row-315	0.2246508999	-1.2250243598	-0.1431563331	-0.1282019520	1.9299412644	-1.0489235312
row-316	0.8756173546	1.6612897394	-0.6187399165	-1.3196047970	-1.0519401382	-0.8340867392
row-317	1.3421188458	-0.3642225049	-1.4214634958	-1.1942111030	0.1129478189	-2.6246113348
row-318	-0.9911600266	1.8003172748	1.4785774393	0.2061690358	-1.3125178543	1.2754813325
row-319	-0.1800376455	-0.7291114452	0.7305259296	1.5537391755	0.2407101794	-0.0864295789
row-320	0.0959669316	-1.4012160058	-0.4056678752	-1.9173261885	-0.0780115243	-0.5481216833
row-321	0.0023217827	0.8545343098	0.0685764864	0.8152186292	-1.1829352489	-1.0524937804
row-322	0.4245962275	0.0932989016	0.0189106130	0.2826212634	0.0199451197	-0.1448155937
row-323	-0.5405952405	1.0388151791	-1.1325991085	-0.6356553298	0.3837682044	-0.2477487205
row-324	-0.0013949443	-0.2641076117	-0.0787324005	0.2982659557	0.4245707176	0.2575890913
row-325	-0.9824538294	-0.1566041820	0.9190171779	1.2073938812	-0.1084188438	-0.8761375478
row-326	0.2177212527	0.7776002059	-0.9341503444	1.7471892558	0.6598044271	-0.8903406322
row-327	-0.8197651899	0.5488116870	-0.2610980795	-1.0611302997	0.4896332625	0.7883760831
row-328	-0.4542757095	-0.8901796089	1.3706151189	1.7260354232	0.1039409297	0.3225700866
row-329	-0.7680051626	-0.5415307792	-0.9029871838	-0.6024100289	-0.5087433437	-0.8837177942
row-330	-0.0396482489	0.5630130829	0.3866736418	2.4098978622	1.7827628488	-0.2056379341
row-331	-1.8897016392	0.7491955970	-0.0817058945	-0.8998240401	-0.6556283408	-0.4508585602
row-332	-1.3101204703	-2.2611948776	0.4907816719	-0.3165966737	0.0251742515	-0.7860735401
row-333	0.7356352083	1.9042104169	-2.7930574671	-1.0629517393	0.3557044818	0.1708981800
row-334	-0.8964631502	-1.7747217382	0.8376685902	0.7693693291	0.4283693475	0.1143540502
row-335	-0.4848077809	1.7600739054	-0.8709043451	-1.1849712765	-0.3943172271	-0.0687607239
row-336	-1.5419048864	1.0781955705	-0.2338258892	-0.3335373143	0.4337576714	0.0068445090
row-337	2.2036791137	-1.0524832454	0.0313113113	-0.2454489056	1.4538741049	0.2762692821
row-338	1.3199816146	1.5725093091	-1.6951524743	-0.2741633357	1.2939354336	-1.0371575148
row-339	-1.4811020336	-1.6467557030	-1.3256972364	0.9499304213	0.2245310391	-0.0830608420
row-340	0.1657749484	-1.2817157045	0.2583396941	-1.0721622272	1.2523482128	1.2462051900
row-341	0.9091652641	1.8451959373	-0.3216895263	-0.6944005511	-0.0986851945	0.8998795962
row-342	-1.6091542243	-1.2256580845	-1.2980853429	0.0255292735	-0.4361188491	-0.9814502492
row-343	-1.8207383228	1.1925087409	-0.4856265422	-0.3897081397	-1.5918057798	0.6540006452
row-344	-0.6636966657	-0.4154547066	0.3827129275	1.5343916690	0.4021285155	0.4903037544
row-345	-0.4175118663	0.2197709993	-0.8911887653	-3.1324224302	-1.4313110674	-0.3297924748
row-346	0.4526160531	-0.6460449151	-1.8206152027	-0.6541654968	1.2816085799	0.5069248428
row-347	-0.4106583605	0.6570868471	-1.0899509594	-0.4237363412	-0.6714445531	-0.5321759129
row-348	-0.5406718912	-0.5553079814	-1.7933261865	0.7083360643	-0.8657586595	-0.5317548425
row-349	-0.7867343744	-0.0704840044	1.6400245506	1.2645003184	0.7618182922	-0.2399365580
row-350	0.4119653120	1.3181098390	-1.0992150201	0.7672848093	-1.2267601065	-0.8487450796
row-351	1.1800798984	-1.0842482712	0.3002816357	-0.1168356005	0.8857219924	0.0440388335
row-352	-3.0121180164	-2.0171375291	1.1287477823	1.0002237015	0.5647218368	-2.2568493535
row-353	0.5638505885	-1.3292267109	-0.9910991382	-1.2804047739	-0.4042756127	0.8516399528
row-354	0.6740817111	-0.7599343183	-0.7934824712	0.0822405689	1.2241780778	0.4387749284
row-355	0.1173076843	1.8804610869	-0.8856721111	-0.1645709974	-2.2055243001	0.7748572179
row-356	1.9681376538	-0.3732670516	-1.6525543785	1.3094365999	1.2913590070	-0.3229606062
row-357	1.2838423241	2.0229925089	-1.0157917838	1.9158786645	0.9841267135	-1.2916251723
row-358	1.0051057983	1.3573266218	1.4143486190	-0.5435866984	-0.0071866182	1.3301052901
row-359	0.6927184109	1.0553385398	-0.2187311465	0.9462070331	-0.2600526731	-0.9860821582
row-360	1.9928834149	1.2984643371	0.8716900414	0.5780569316	-0.3824081361	0.3434216305
row-361	0.9222781417	-0.9391994388	-0.2763961248	-0.7823260051	-0.2806937473	-0.6971032723
row-362	0.7712750486	-0.1267178018	-0.1848687804	-1.7606573722	1.2683435432	-0.6276087954
row-363	1.5843444491	-0.4499470117	-1.3852244283	-0.6583544759	1.2223134378	-0.7554665815
row-364	1.1354346734	0.5287535550	0.9127483201	-0.8774537031	1.1505585881	1.4922758468
row-365	-1.5812156983	-0.4306058902	0.2464904223	1.4983943780	-0.0479733110	0.2509705147
row-366	0.7418088678	-0.5868406720	1.3610103320	1.7491596704	-0.0550639713	-0.3543253341
row-367	-0.6108875207	0.4901730357	-0.6408592169	-0.4398270281	-1.6713179289	0.4011087140
row-368	-0.2957718327	-0.1856588460	0.3754675232	-0.8498472041	0.1906109688	0.8164265984
row-369	-0.2753891768	0.5025433154	-2.6882271202	1.4058267576	-1.4757291715	-1.0734697427
row-370	-1.0381723979	0.7844633575	1.8494502100	1.4122887862	-1.3520795411	0.0739444853
row-371	-1.2641282109	-0.0846951294	0.2979480979	1.2129768990	0.1094260252	-0.7362823685
row-372	2.7014139604	0.4290307074	-1.2048956142	1.9764626768	-0.7587336100	-2.1979795020
row-373	-1.4636833249	0.4509354026	0.0403296374	0.3293123618	-0.8408357676	-1.1573985539
row-374	-1.1631039568	-1.0524889356	-0.4109499608	-0.0839576810	-1.0435693886	0.3746209195
row-375	0.8715744766	-0.0342297114	-0.8040054185	-0.1496096906	0.6823885974	-1.7916899070
row-376	0.5779867612	0.4881810986	-0.8308122722	0.0539058684	0.9758588026	-1.3428942461
row-377	-0.5196693159	2.2747130588	0.1705289098	0.7773588557	-1.1436110834	0.9443754414
row-378	-1.5085199348	0.6872408500	0.7196073783	-0.8343726720	-1.3752880421	0.4041373471
row-379	-0.6630632621	-1.0326093814	-1.2952504371	0.3886035654	-0.8968115968	-1.8209843670
row-380	-0.1282860143	1.0952069232	0.6832350530	1.0191785311	-0.1582890570	-0.2665915699
row-381	0.9645539382	-0.7565960362	-1.2512754952	0.1784439985	1.7915089114	-0.7337871501
row-382	0.2137413618	-1.2919090168	-0.9537806204	2.1365742654	1.3747200391	-1.6204979768
row-383	-1.1360892463	-1.0632069466	0.5405553514	-0.2802623386	0.3914085669	1.3031332860
row-384	0.4180696112	0.3161771443	0.7899643499	0.9626549400	-1.1369293724	-0.9134341743
row-385	0.4775296757	-0.6826394644	0.4021948007	-0.6527903168	0.2613029307	1.2428398419
row-386	-0.0800914317	-0.8671714066	0.2769693773	0.2474092757	0.2290945891	0.9305563145
row-387	-1.4711097387	-1.3191432276	-0.9361314694	-1.8093985616	0.1690019074	0.2410930562
row-388	-0.0210025511	2.0316823275	-0.9543119905	0.1135331543	0.6482822738	-0.2078071580
row-389	0.9846887240	0.0057471754	0.0396880485	1.0555329627	1.7752514042	-1.4661536508
row-390	-1.4918095194	0.6332651698	0.7959780277	-1.3204344606	-1.1350636520	1.2995076620
row-391	0.0551459323	1.3881934576	0.4752444022	-1.2740941551	-0.9921756564	0.1337749388
row-392	0.4876578349	-2.3314382073	-0.3604267794	0.7668999581	-0.7207194973	0.4719576947
row-393	-0.3756237775	-0.4383954272	-0.0328708856	0.5318072268	-1.2485398349	0.7675463999
row-394	0.2747860903	-1.7616474693	-0.0666600872	-0.5909883849	-1.0590102842	-0.4144831113
row-395	0.6312513357	-0.5987131718	-0.2428925686	0.9897841671	0.4570533405	-1.2709205279
row-396	0.6549525083	-0.2886632786	-0.9878631128	-0.6138047838	1.8771969655	-0.9524172713
row-397	-0.2930626825	1.0420161205	-0.6249490829	-0.2173983892	-0.4837904771	-1.3600836424
row-398	-1.0156527762	0.0815101501	-2.0897670291	0.3813792437	-0.1135561270	-0.8441278220
row-399	1.6775118620	0.4371845246	-0.0600345326	-1.0913568090	-0.2226629131	1.2876967273
row-400	0.0739780661	-0.2955463897	-1.2714847148	0.3606537617	-0.1583750450	-1.5093596471
row-401	0.5291709836	-0.0319332711	-1.6184148845	1.5440437935	1.4227252405	-0.9947660977
row-402	-0.4243738897	0.9240365638	-0.2776800569	0.2944561395	-2.1321369897	-1.4197539161
row-403	-1.7302810832	1.1683521266	-0.5003625610	0.7940119247	-0.6452330627	-1.0732121861
row-404	0.9632031874	-1.4741315237	1.1016277673	0.9438651940	1.7916368338	-0.2735490774
row-405	-0.2310014457	0.6079607115	1.3132169245	-1.0651346611	-1.3863649872	0.9819138584
row-406	-0.9043803444	0.8928824830	0.4602745291	0.4554698333	-1.5085805890	1.0112800661
row-407	-2.5689463453	0.0787048118	-1.0873908495	-0.4922765876	-0.9348683281	0.6127168966
row-408	-0.4189595307	1.2145668605	-0.4387384608	0.1428738353	-1.3808443102	-0.2032374247
row-409	-0.9971412927	0.8562203650	-0.5787669456	0.1695975125	-0.4283525590	-0.9989561531
row-410	-0.4461640002	-1.2712006828	-0.3825851965	-0.0259012290	-0.0843027117	-0.9910745869
row-411	0.0396206497	0.2570417639	-0.8518455607	1.5000737371	1.0466456993	-1.6846966526
row-412	0.3471347641	0.5556521218	1.6198719081	0.8386048059	0.1810285068	1.1301603732
row-413	0.3266035601	0.2785517481	-0.6147261745	-0.0068052604	-1.3225377070	-1.1794572029
row-414	1.4237275534	-1.0221863490	-0.3344025000	1.2979556350	0.0989035576	-1.1633539157
row-415	-0.8296720986	0.6664941774	1.0623738954	-0.4545923713	0.0615548504	0.5972190825
row-416	1.1322011490	0.8069720383	1.2052902913	0.3310053336	0.2298164575	0.8641480430
row-417	-0.5196560651	-0.2202247968	1.4657995573	1.5784948260	-0.2923328571	-0.3020617042
row-418	-1.0340570164	0.3583687218	-0.1505207539	0.3295438013	-0.8826281852	-1.5657962938
row-419	1.4213052995	-1.6832638732	-0.8780222633	2.3842060034	1.2066832883	-1.0873926261
row-420	0.5012244834	1.8201564472	0.5646151568	0.4405175202	0.3210980265	-0.3497156276
row-421	-1.4380296452	-0.3480507119	0.3433088072	-0.4815742968	0.4664564293	1.4342648472
row-422	0.7477412598	-0.7398297208	0.9723027274	0.3784770029	1.3409418318	-0.2003732374
row-423	-1.9825926763	-0.2551272398	-0.7285252850	0.5964257886	0.0496550674	-1.1240979944
row-424	0.1835203495	1.6895187756	0.6107732932	-0.0727604576	0.5528337426	-0.5753981033
row-425	-0.5294351511	0.2590713338	1.3902653610	1.0819839176	-1.2770091053	-0.4096534843
row-426	-1.6818697698	1.8245389989	-0.9330715988	-0.5878316987	-1.7178198414	0.9168695048
row-427	0.3844439067	-0.2882566567	0.2473391917	0.5695860144	0.1039693551	-1.2457113944
row-428	-1.6056031786	1.5608952742	0.1362637196	-0.1317874711	-0.8910177223	0.4970267575
row-429	0.6223570916	1.8032636939	1.2406289676	0.8425458810	-0.8718424067	-0.2692188135
row-430	0.4543563931	1.0745740618	0.7471941515	-1.5116591186	-0.9195647905	1.0481396430
row-431	-0.8422926980	1.2413696207	2.0563949750	0.0176132036	-1.6084288186	0.1528290693
row-432	2.0027966666	-0.6690543537	-0.5048417511	0.0155053847	2.0497277171	0.3111696570
row-433	-1.1262354262	0.1789048438	-1.1054817203	-0.4901371445	-2.1563006761	-0.0276656007
row-434	0.0766326718	-1.9443174901	-0.6992861404	0.1616142524	1.4017315511	-0.7320500908
row-435	0.1383889003	-0.3129917486	0.4145046684	-0.1198470386	0.6252104990	1.4031486419
row-436	0.5964165172	-0.9623803011	-0.4774850771	-0.2534068858	1.7500346631	-0.0708690531
row-437	-1.4687759995	0.5639930388	-1.1657209556	-1.0614105255	-0.2799791682	-1.4423021983
row-438	-0.2984736062	1.2606644290	0.3255812338	0.4172306704	-0.3069767381	0.3984561160
row-439	-1.0511424436	0.0086380360	-0.9720728163	-0.7446995420	-0.4557643875	-0.9068745473
row-440	-0.1182531632	0.4760346759	-0.5460400158	0.4275796209	0.9238826145	-0.6045667210
row-441	-0.2944620436	1.3853223104	1.1660498257	1.2136535137	0.9939636916	-0.0696766284
row-442	-1.1558676804	1.1692083994	1.5549151918	-0.3603978243	-0.7616433724	2.2036715942
row-443	-1.4693355603	0.0581371681	-0.2418970050	1.1171622516	-0.9704469035	-0.8975943209
row-444	0.4853063885	-0.4646622371	-0.6473061143	1.5168403031	-1.2661413787	-1.2001880773
row-445	1.4976873617	1.0611175324	0.3006200536	0.1538440546	-0.2288838796	0.1041820321
row-446	0.4111884288	0.0368044535	0.0940981512	0.5913100096	-1.2260722416	-0.6178190852
row-447	-0.2728798224	-1.1129118871	-0.5642116184	0.7735793415	0.8926735911	-1.8434705477
row-448	-0.1488378308	-0.4732827594	1.9934949809	-0.6281518338	0.5312355450	1.7321697423
row-449	-1.5958327427	-0.1338634195	-0.5532382748	-0.8806938202	-1.2904478622	-2.1834051148
row-450	-0.1030058012	-0.3802003133	-1.1749384997	1.9216428553	-0.4903686458	-0.4129196745
row-451	0.8402738368	1.9197479102	1.5729775919	-0.8585054699	0.5849030672	0.6156471299
row-452	0.0272111000	0.4851321641	-0.9691799458	0.4585214524	0.0273992507	-0.0725490522
row-453	-0.7437423428	0.8463469005	1.1648477209	1.4351792032	-0.7978562150	0.6827192769
row-454	-1.9125802617	0.3948103511	1.6492912973	1.0149838543	0.9892432151	0.4920508847
row-455	0.4537037087	0.7969389639	1.0852942486	1.4977929069	1.2825895335	-0.3898791996
row-456	-0.4998647913	-1.6307600061	0.9627099776	-0.9032472399	0.6305761721	2.5630269972
row-457	-0.2252614521	0.1971972625	1.1433731230	-1.1578293935	-0.5030135992	0.8864217069
row-458	0.3609914849	1.5360529001	1.4921041125	-1.1004853528	-0.7003132717	1.2872405437
row-459	-0.9288727533	-2.0831251196	1.2420960413	-0.5912208884	0.6229117797	1.1765210770
row-460	-1.0237049952	-0.4944347353	0.8247725880	-0.3426187064	-0.2402266455	-0.4424055593
row-461	-0.1763203036	-0.6482018911	-0.8850330893	-0.4779775590	-0.4679310445	0.3257402758
row-462	1.4900182198	-0.3813423013	0.8920638110	0.9132480131	1.1684654141	-0.0620925853
row-463	-0.6644417427	1.8931083045	-0.4939766749	-0.2108269597	-1.3596855529	0.0904941211
row-464	-0.8714073154	0.4826592304	1.6737088951	-0.6282203442	-1.1619097696	0.9835000754
row-465	0.2347313060	1.9499219954	-0.2490117853	-0.9293334587	-0.1713902785	-0.3549908221
row-466	1.3768262412	0.8204301537	0.0414900182	0.2445043191	-0.0760124976	-1.4320891664
row-467	-1.0568462897	1.7179898498	-0.5336687481	0.6044185071	-0.8199556613	0.6534976644
row-468	-0.5805284073	0.8264102344	0.7802300834	-1.1940436882	-1.0597586919	1.4457954047
row-469	1.0059570086	1.2300101007	-0.4416262455	0.8012598227	-0.0391369508	-1.0547622422
row-470	-1.3503290100	-0.4051651391	0.3546567746	-0.6260085034	-0.0292659232	0.1052602486
row-471	-1.6021589825	-0.4264704652	0.8397777389	-1.4462982983	-1.0367854986	-0.1291355541
row-472	-0.4925028189	-1.1844835809	0.6566507209	0.0098772815	-0.0797358911	-0.5113271829
row-473	-1.0241988795	-0.7580984113	1.3620103266	0.5027836702	-0.3661180235	-0.0903623778
row-474	-0.5752569046	1.5077810472	-0.3372645239	-0.3143355711	0.7514884429	1.1192175255
row-475	0.9455057448	0.5174444024	-0.1199880647	0.1537935947	0.1989189116	-1.0799971152
row-476	-0.3065298533	0.1830317220	-0.8716399458	-0.0324895499	-1.1110241627	-1.5210648195
row-477	1.4954774175	-0.4121764437	-2.4603000892	0.0097598725	1.1134974337	0.0512263563
row-478	0.8676484215	0.4665082860	0.4950089751	0.9476421776	0.5289200630	-0.2048699553
row-479	0.3454556053	1.4395197582	0.8920477021	0.9536278621	-1.0016586424	1.1049735821
row-480	0.0202909758	0.7399766986	-1.0152103035	-1.5303354577	0.7381715003	-0.3022471061
row-481	-1.0865787429	0.5219313394	-0.8070482869	1.2006453820	0.5816884095	0.1391559819
row-482	-0.7344442711	0.7078916869	-1.8682613671	-0.8927350943	-1.4760444910	0.5376227138
row-483	1.9393623165	1.8710075089	-1.1777767548	1.2118928033	0.1220809340	-0.2959196022
row-484	1.4945766212	0.6906996884	0.2019290448	0.1687572701	-0.4437664776	0.9642161543
row-485	1.0311409288	0.7925312309	0.0242236026	1.3942975307	-0.4777826630	0.4759884633
row-486	-0.2769096381	-0.7320156013	0.0629841831	0.3587029659	-0.8239096199	1.1172184784
row-487	-1.3519406244	-0.6943675500	0.9752346280	-1.3668944176	0.3835729382	1.2857327936
row-488	-0.6147737555	-0.0936570563	-1.6061481938	-0.0193326629	1.0096728622	0.6907905392
row-489	-0.5729576315	-0.4641912354	1.5688075448	-0.0856533157	-0.3167871332	0.1040367101
row-490	0.2933434096	-0.8108608373	1.1206161243	-0.7979570178	-1.0471930346	1.6323421292
row-491	-0.1945017003	-0.3023547461	-1.0649621423	1.2775394814	-0.1940776491	-0.5503249166
row-492	-0.3177307857	-0.9782680362	-0.0334687927	1.0145011553	-0.1252140812	-1.0687764098
row-493	1.1648685862	1.1121421060	0.9051434868	-1.2327099326	-0.8322719410	1.8199237168
row-494	-0.3483496866	-0.3127532830	-1.6667758209	0.1221172229	-0.3921804402	-1.4927531612
row-495	0.9182772347	1.1535537496	-0.7877018768	0.1529673750	0.3416798408	-0.8020963157
row-496	-0.3306499100	0.1855903350	0.1706309399	-0.6844599353	-0.3908640640	0.5894758248
row-497	-1.6684169256	-0.3295221922	-0.0242653890	0.0126032854	-0.4127074327	-0.0390456969
row-498	0.2695703413	-0.2342240629	-1.0464001719	0.0539368874	0.1133500558	-0.9616807544
row-499	0.9504751460	-0.7582319219	-1.6117809297	-1.3173743578	1.3171429570	0.1265200296
row-500	0.0632117638	0.9916482032	-0.2769896570	0.2096918472	-0.8741567293	0.3364832494
row-501	1.1097939373	1.3132039255	0.0469019094	0.3247654998	0.3211360988	-0.3855740725
row-502	-0.1133240657	2.1272482972	-0.5866382327	0.4526924594	-1.4873080569	-0.9316277016
row-503	1.3269528421	-1.2478721623	-0.1808741726	-0.0614670955	0.9095654919	-0.0209635473
row-504	1.6477404457	1.0641884975	-1.3815130731	0.2170437945	0.2381075412	-0.2944203383
row-505	-0.0074369449	0.9426186080	-0.2386057711	-0.6579177485	-0.8188663179	-1.1559495653
row-506	-0.5762430941	-0.3518126918	-1.4851305164	-0.0156293868	-0.3062854168	-2.4650343330
row-507	-1.3906674169	-0.9558407480	0.4415638207	0.7172497657	-0.8092124551	0.3657254565
row-508	0.8261437460	-1.2024047816	-1.5833624053	0.3051355348	0.3302296039	-0.5050419883
row-509	-0.4175821157	-1.6690193847	-0.0622431050	-1.4630784590	0.1546466251	2.1509872399
row-510	-0.6393334553	2.7543760395	0.4495973061	0.9361249336	-0.4323317950	0.1447452825
row-511	-1.0024538617	0.6781508104	1.2296869270	-0.5746245127	-0.8180631560	0.8592853650
row-512	-1.4317935042	-0.5834945022	2.0121293610	1.5626376306	0.5551336723	-0.0536783289
row-513	1.2174116333	0.3800525869	-1.9496315781	-1.1793788616	-0.4113004441	-1.1640648760
row-514	-0.1190629888	1.1254248529	1.0645881328	0.7618480378	0.8152223853	-0.1348413100
row-515	0.9281259317	-1.1788449996	0.0032902054	-1.8633129912	0.4712945154	1.4787922690
row-516	0.9568665996	0.0041121075	1.1686038304	-1.5152527112	-2.1758633278	0.5736282672
row-517	-0.5075763144	-0.4860175742	0.8791023147	1.5086866981	0.3855309028	-0.4293649006
row-518	0.8228758393	2.3258149007	0.8835013271	-0.8844502096	0.3718597854	0.3763864739
row-519	0.6939575355	0.2939716776	-1.3168184941	1.0913066605	-0.8327248585	0.4152760576
row-520	-0.9003795956	0.2211287462	-0.0414309047	-0.4290973069	0.2739153358	-0.0930883799
row-521	0.6708611245	0.7422891326	0.3488259261	0.8489807152	-0.7337314595	-2.2075030667
row-522	-0.6903707546	1.0280757188	-0.1740678219	-0.4545829473	-1.4324040740	-0.1930645827
row-523	1.3852174975	-0.5045474196	-0.4617050985	1.5329947450	0.9246356464	-1.3202284570
row-524	0.3911546248	0.3748388756	1.2955902491	1.2416681608	-0.4118775768	0.0156393192
row-525	0.2545789838	0.6820683193	-1.0151526548	-1.0791396613	-0.6889193002	-0.7521415054
row-526	0.6613038299	-0.1914620301	-0.0775208934	0.7213276891	-1.5674016591	-0.2098361064
row-527	0.8387996804	-0.6484628922	0.0558939419	-0.8155515601	1.4173365280	-0.3644359374
row-528	0.3677787993	1.0639047869	0.4154471045	-1.1677131747	-0.9673444381	0.3108982630
row-529	1.2625804386	-2.2519315278	1.7761267876	-0.9755311570	0.8799297518	0.8696998520
row-530	-1.5622231626	-0.4293044105	-0.0765443440	1.2353198506	0.0335658836	-1.4524119818
row-531	-0.3251084217	-1.1627309776	1.5561850086	-0.8958464031	1.2119243443	2.0994764667
row-532	-0.9180484494	1.3088614462	-1.9586169221	1.7706465022	-0.9535566113	-0.3806260881
row-533	-0.4948572709	-0.7745817623	0.5417432189	-2.5606324077	-0.0044500346	1.5010260689
row-534	-0.1717466082	-0.0412354702	-0.6100119494	-1.4020064825	0.6846723689	0.3134756192
row-535	1.1013884457	-1.3298436868	-1.4780440721	1.2014762797	-0.2000855103	-1.1757439191
row-536	0.2301871593	-1.3484771617	0.8877986634	-1.4368231020	1.1221604598	1.0143216541
row-537	-1.0941497182	1.1755973334	0.6437791037	-0.4683480218	-1.0314342733	1.1281686725
row-538	1.0908842279	0.2193997343	0.6560257457	-0.1675945522	0.1704372189	-0.4747628931
row-539	-0.3230832230	0.9363782530	-1.1230231890	-0.6162272525	-0.8549245945	-0.4535849144
row-540	-1.1606193217	0.0293125670	-0.2154861166	-1.6299070108	-0.8978900832	0.7466549421
row-541	0.1474906080	-0.1537391821	0.3332189669	0.5593740735	1.7899519160	0.0133695639
row-542	-0.7069277574	0.8973329936	0.8007751942	-0.1862716126	-1.4946611960	-0.0603644858
row-543	-2.3363003359	-0.7824591309	-2.0256459442	-0.1201539815	0.6096081636	-0.1522818050
row-544	-1.0696358659	0.4416014200	0.4746180568	0.2577459034	-0.1005392810	-0.5951645158
row-545	-0.8334490520	1.4054792401	-0.7686121690	0.5257747962	-1.8509118481	-1.0635492267
row-546	2.4146650791	-1.2225553953	0.0583674142	0.4680625689	0.7456603910	0.5843384044
row-547	-0.5008086268	-2.1346078159	-1.0381073045	0.2486819150	-0.1818833151	0.2069700980
row-548	-0.6251460077	0.3547954186	0.4742313779	0.2507911550	-2.2544315803	-0.2317703800
row-549	1.0712576485	1.0256279009	1.3374939362	-0.7080767827	0.1333216064	0.4577731007
row-550	-0.0429090478	-0.5003171260	-0.7103243001	1.3077985533	-0.2052431392	-0.2579342785
row-551	1.1332218926	-1.0595001270	-1.0255053960	0.5116035711	0.0269173084	-1.5692403947
row-552	0.3543585467	0.1805572047	-0.3838031387	0.1383996007	-0.1428175735	-0.4912920514
row-553	0.3308311804	-1.0301944006	-0.8977101999	-0.9763411583	0.9493117960	0.0034166470
row-554	2.1392093672	0.2207660164	-1.0747721015	-1.0381575688	1.6713372415	1.7056928408
row-555	1.7212076897	0.6626644419	0.3240972718	-0.4143951624	-0.4206598408	1.3433454415
row-556	1.3644341115	-0.7623428078	-0.8217182660	-0.3443733481	2.1747269285	-1.3911071612
row-557	1.0942133743	-0.8725214911	0.8208892425	-1.1486312153	0.2676529004	1.3250536893
row-558	0.0327042146	0.0976836884	0.2800432088	-0.2151879000	0.0990075035	1.0899933363
row-559	1.4691491026	-1.5423881932	-1.3216237807	-1.6248728808	0.5643999300	0.1357438739
row-560	-1.7522468609	0.4196724063	-0.2597613754	0.3711445885	-1.4993272532	-1.7608237800
row-561	-0.9318895228	0.9553871294	-0.0204641097	1.2186030880	-1.3989589686	-1.5983210743
row-562	0.0871347943	-0.4684326716	0.0160158492	-0.3449472136	-0.9408355463	-1.8177503342
row-563	0.1799899583	1.4477628549	-1.3564715105	0.7643717037	-0.1418772783	-0.9732929580
row-564	1.3764281490	-1.6000929930	0.4508408158	0.0155360061	1.0299771798	0.4147615943
row-565	0.3321877126	1.3796302638	0.0937645256	-0.9915668961	-0.5413790235	-0.0054367078
row-566	0.8426586483	-0.2690872931	-0.6708434832	1.3066680232	1.3315855128	-0.2653359148
row-567	-0.2960264320	-1.5202932684	1.1910420989	0.5133695207	-0.6021695475	0.1509503792
row-568	0.0651599864	-0.2566585370	1.3097636244	0.1427456519	1.1155401339	2.0477491244
row-569	-0.5511809190	3.8843750024	-1.4276667702	0.9749540248	-0.2483486908	-1.5418806687
row-570	-1.4960660634	0.1203267989	2.6529572077	-1.4194162449	-0.7432238512	1.4505854280
row-571	0.0767379599	-0.9209017512	-1.1021666605	0.2221458632	1.2951937878	-0.6889324292
row-572	-0.6865644693	-0.2985654015	-0.2774484992	-0.5448561949	-0.2094262051	0.0942586827
row-573	-1.2310568347	-1.0694284502	1.0027487653	-0.4843468765	-0.7675611199	1.5734946065
row-574	1.0022084210	1.0518233967	-1.9941419427	-1.5724038453	-0.6557278861	-0.4898955705
row-575	0.2092578476	-1.2726636887	-0.7120573941	2.6178907374	0.7143187949	0.2150904429
row-576	0.3716778434	-1.2122488467	-0.4323209095	-0.3441164912	1.6164763098	0.6326223640
row-577	-1.0873189533	1.1200332381	-1.4309091649	0.1481488400	-1.4266758224	0.3583368704
row-578	1.4655226166	0.6451425414	1.7308667775	2.0837621963	0.6415466801	1.1217544827
row-579	-1.0422333628	0.4790263235	0.7425626340	1.1927212428	-1.4508889835	0.2678903222
row-580	-1.1503261064	0.1615453822	0.2191014832	1.8371185269	-1.3152431274	-0.0971083901
row-581	-1.8654269212	-2.9024438379	0.4701471279	-0.8566262535	-0.8588748408	0.4032519187
row-582	-0.4703803545	-0.2965523032	-0.4883215629	0.1009876469	-1.1653668077	0.7686905202
row-583	0.3274658459	-1.0863025825	-1.0784196203	0.4773286610	1.0992857940	0.6923576091
row-584	-0.5056589790	0.4687750662	-0.0847308271	-0.2071350619	-1.2108812998	0.5321701189
row-585	1.1945733216	0.6013903296	1.4336737107	-0.5851718632	0.3438506237	0.3335453522
row-586	-0.1851463941	0.9635573213	-0.3989831615	0.4082488431	0.2068682410	-1.4067757288
row-587	-0.3367523714	0.2974022775	-1.9302031141	0.0232392382	0.2202572667	0.1510199524
row-588	-0.3228706873	-0.0365362254	-1.5549578166	-1.5978886365	-0.4012216731	0.3156145936
row-589	0.3795274403	-1.2661638625	-2.2274320952	-0.0492327883	1.1352054261	0.1988764988
row-590	-1.2737111046	-1.3050723879	-0.6981908365	-0.4194876507	-0.6429528818	-1.6072151413
row-591	-0.7761783275	-0.3214241989	0.5660529615	-0.5299024628	-1.1949757481	1.2044541233
row-592	0.7774093409	1.5129699043	-0.7398240073	1.3296334053	-1.1107515484	-1.4068711352
row-593	-3.0908738405	0.7528061994	-1.2518506955	-1.8475024328	-1.0371413551	0.1238072287
row-594	0.7718644258	1.3407339196	-0.2188715565	1.0872916962	0.5106681908	-0.1089804164
row-595	-1.1245244413	0.7088895487	0.2704637042	-1.3872585438	-1.9283543225	1.6701514501
row-596	-0.5101214713	-0.5921184846	-0.6400301586	-0.1805378550	-1.4917754179	-0.0627835429
row-597	1.3106264385	-0.2845763106	-0.9154716249	0.9244498365	2.1207481443	-0.1514077305
row-598	0.6920339812	0.0427162681	1.0372207662	-0.5166590840	-0.3343912604	0.5228079471
row-599	-0.0852119285	0.3825589179	1.6123501781	-0.0818782744	-0.2712216926	1.1676009375
row-600	0.0681991869	-0.1984117600	-0.8740281350	0.8063556849	-0.0965454784	-0.8846983702
row-601	0.7298618869	0.1469746105	-1.7686306588	-0.4580177711	1.4901049439	-0.9056943171
row-602	0.1942592322	0.2646289552	0.7181579573	0.4878051931	0.4152579003	0.0771072858
row-603	1.8780947797	-0.4079061860	-1.2062197888	1.1646743150	1.5001512628	-0.4154597520
row-604	-0.1263304008	0.6973983302	-0.5728240942	1.4988015838	-0.2744904288	-1.5241958163
row-605	1.9511192381	-0.6283697898	1.8886369585	0.3272575231	0.5094858532	0.8173989864
row-606	-0.6042371024	1.6075928327	-1.3455562529	-2.0301034989	0.0733224320	-0.5481136376
row-607	-0.5758530811	0.6917427252	-0.7979639009	-0.7104117029	-1.1080084821	0.0313173241
row-608	0.8367652626	0.6837055620	-2.3911390386	-0.9633820173	1.2582788593	-1.0498811458
row-609	1.7970585489	-1.2537976325	-0.9177545327	-0.3189091310	0.8939825852	-0.4189185735
row-610	0.9008362787	-0.3169061779	0.7748806024	-0.1392296483	1.0597517472	-0.9912310577
row-611	-0.1936346934	0.4966394745	-0.8519818939	0.1357094353	-0.3095908569	0.1102666305
row-612	-0.0573343986	0.3204141078	0.3927834844	0.1106398346	1.4169688131	-0.1161767362
row-613	0.7397124503	-0.5216073538	0.4601796832	-0.8504888311	1.4928807381	0.9849839489
row-614	0.6692546726	-0.9327059775	-1.4055691784	-0.1128409531	1.1376752880	-1.5434323855
row-615	-0.6668702918	1.4312044395	-0.2057691190	-1.5345707612	-1.0294055277	0.1321477948
row-616	-0.8183798544	1.6083650708	1.3583076552	-0.7879879443	-2.2697484297	1.0006209893
row-617	-1.6106621363	-0.0842271842	-0.9003279911	1.6525344390	-0.9566311205	0.3694338980
row-618	0.7417890095	0.3471721237	-1.0398523821	-0.2106438555	0.3755841030	0.1472114037
row-619	-1.6329699865	-1.1068229948	0.4373128824	0.5987781348	-1.2469145467	-0.9264923734
row-620	-0.1380497521	0.9016089767	1.0848360280	-1.1383645242	-1.3270631741	1.1699469747
row-621	0.3456643431	-0.9813391524	0.8541143632	-0.0986387015	0.8972539271	1.4566385417
row-622	-0.8986612263	-0.8643528513	-0.9261011670	1.0153198259	-0.7716835788	-1.0836294927
row-623	-0.2087275726	2.0291280271	1.4780192524	0.9299759530	-0.0416643216	-0.4649833172
row-624	1.9041534918	0.6330478573	0.1917733927	1.6307452023	0.1049580567	-1.1895505186
row-625	-1.2447031957	-0.0822026598	0.6604403246	0.1743846225	0.7693622790	0.4757066109
row-626	2.2645587057	-0.6746032419	0.8155912636	1.3960591852	0.3752082358	-0.6422178143
row-627	-0.3266632622	-1.1979802602	-0.8802086317	-1.5703052827	-0.5199752598	0.3586689547
row-628	-0.5004048996	-1.0310450923	-0.1270437973	-0.2653353705	-0.5180230018	1.2296733895
row-629	1.0506020131	-1.3921432136	0.5475901871	0.2870351769	0.8407819568	-0.0655406993
row-630	-0.7295086745	0.6079044300	-1.1844231151	-0.5827572293	-0.6596227923	-0.1456347345
row-631	-0.6285576137	0.0706349262	-0.3415978796	0.9372145317	0.9757013998	-0.9990766498
row-632	-0.2900999420	0.6065380275	-0.8784643990	0.9003862351	-0.6935924620	-1.0880803067
row-633	0.6758681829	0.0424035270	0.9935041474	-0.5320111382	0.4395515728	1.4264114268
row-634	0.8009595293	0.0321449450	0.2949392136	-0.1490002204	-0.1909788946	0.3029528120
row-635	0.7196108800	-0.3989867617	-1.0375603297	-1.4902655407	0.4870268197	-0.0495944664
row-636	0.5131440485	-0.3793734925	-1.4855883519	-0.2762705206	-0.6246447277	-0.3461660051
row-637	-1.0929458314	0.5045443342	-0.4162729983	-0.3334495343	-0.0457842114	-2.0711907317
row-638	-1.2234983054	-0.3900245085	1.2703879785	-0.1028420555	-0.4232355472	1.2904782946
row-639	0.1307301645	-0.6593472159	-0.9670853744	1.0448997923	0.8954781679	-1.2084112721
row-640	0.9128875048	1.2385093681	-0.5458983764	0.3793548200	0.4094571411	0.8890497619
row-641	-0.5123007647	0.1231930850	0.1983942906	0.8795577085	-2.2998590299	-2.1227616295
row-642	0.3017237498	0.6643399967	0.4648167333	-0.6325727712	0.6964145567	-0.0757533190
row-643	1.6300331777	-0.1031459860	-2.0431466247	0.2573431927	-0.3564564018	-0.7164300311
row-644	2.1425301006	-2.8981259058	-0.1656142755	0.1436074962	1.8110441319	-0.4877730370
row-645	0.6373538164	-0.9879042528	-0.7959653907	-0.2194805064	1.3641299040	0.3884285448
row-646	-0.6728639991	0.5793732878	-1.0843585213	0.2804679916	-0.7133448149	-1.9254657860
row-647	-0.4744799242	0.1968179415	0.5594602108	-0.9887868289	0.1163149894	1.3374265030
row-648	-1.0690328667	-1.0366057827	0.3352909439	2.0591329452	0.5996050739	-0.5549993256
row-649	-0.5698799524	0.2392885462	-2.5425541043	1.0417599779	-1.3736492155	-1.1646075511
row-650	-0.8286412053	1.0866083213	0.6056539663	-1.6111314916	-0.6927329799	1.8929309635
row-651	1.4113600299	-0.1373931966	-0.9659532865	1.4450437729	0.5974467972	-1.1850584522
row-652	0.2242798078	0.6887552607	-2.0258368751	1.0776357890	0.1621972868	-2.3697847511
row-653	-2.3573156221	0.9721795340	-1.2031336954	0.6281870044	-1.1377844417	-1.4333678951
row-654	0.4285133785	-2.0323732168	-0.3811081589	0.6501179259	0.6188540260	-1.5592374920
row-655	0.9239348886	0.3015128514	-0.2229540713	-0.9212532870	-0.8999702261	-0.5754491275
row-656	-0.7017899769	-0.4947130438	1.0445963704	-0.5121185099	0.0523254682	0.8819349993
row-657	-1.2975774616	-0.5077117148	1.4206626455	-0.3916556625	0.1873076132	0.9325316779
row-658	-1.7656432143	1.2197952104	-1.2983656878	-0.6795339615	-0.8073922205	-0.3823370868
row-659	-1.2485950134	-0.9288804491	-1.7010102483	-1.4144371690	0.3355046257	1.1154859977
row-660	-0.1417501582	-0.3640008021	1.6607072040	2.3429988337	-0.7967985149	0.9964108714
row-661	0.5537309522	1.4108657950	0.5161955492	-0.4192954863	-0.5153263496	-0.5241095490
row-662	-0.3201526749	-2.1346462093	-1.5006923849	0.6951550282	0.1837820835	-0.5465558237
row-663	-0.9675230587	0.9908909235	-1.1156947102	0.1201098072	-0.7744472699	-0.0529740378
row-664	0.0866277189	-1.4266857917	-1.7436624400	0.7165693110	0.2583016477	-0.7706678178
row-665	0.1252533699	0.7821275284	1.7215190153	0.1292755086	-0.4625900142	0.3709435222
row-666	-0.2889962226	1.6064987498	-0.9391306783	0.8919573812	-1.9592392812	-0.9088192663
row-667	-1.0983615517	-1.5796467453	0.6971796919	-0.4678066587	1.1122338342	1.6464745030
row-668	-0.3923267885	0.3844403733	0.1575320586	-1.0392665246	2.2087595901	0.9000718682
row-669	1.5988133801	-0.5237671038	0.8039551966	0.0999322267	1.2416681133	1.1385845344
row-670	-1.5962234605	0.3892797984	-0.3070137068	1.0069875452	-0.7718870726	-0.7442580400
row-671	-0.6770571196	2.3501732681	0.0202609358	-0.6741231123	-1.1046288257	-0.6099280884
row-672	0.6939115297	-1.0483163536	0.2711938410	0.6393072371	2.1841347611	-1.7038421484
row-673	0.0105695442	0.0324265877	-0.8013244836	-0.2066335647	1.7890034919	-0.3807419789
row-674	-1.1060561641	0.1798006967	-0.5007620549	1.2051731269	-1.0530622368	-1.3929250514
row-675	0.3766395362	1.3373713463	-0.8798440889	1.5035041922	0.3978492171	-1.1196263801
row-676	1.6942030633	0.7989602579	-0.2781491688	0.3156747196	-0.7548759144	-1.0153763365
row-677	0.8015682963	-0.6189595722	0.9342704008	2.5477691804	1.1226156350	-0.2287219825
row-678	1.5858686379	0.2941938832	-0.7805780263	-1.5362834122	0.6556929721	-0.7910859698
row-679	-0.2825942869	-0.2281725899	-1.7485105753	-0.5516830411	1.2722030553	0.1801485304
row-680	1.1708346502	0.9388388197	0.5655146030	0.4659771022	0.2814056260	0.7767125491
row-681	-0.0256559253	-0.3832496012	1.0386950327	-0.7243577184	-0.3769002209	1.9390181352
row-682	-0.6598173029	-1.2350728692	0.1700097802	-1.2208822501	-0.7005285772	1.5858775732
row-683	0.0531715766	0.0707673429	-0.2555749383	-2.1498911351	0.5927925572	1.3164695502
row-684	1.2785152219	0.8772350733	0.3271195870	-0.9181663115	-0.3523176311	0.6873281135
row-685	-0.2140717037	0.6235358821	0.5827351612	-0.5663855964	-1.1107497758	0.6194476372
row-686	0.9333874903	-0.7953171362	0.5151366693	0.2244157517	0.5000660938	-0.8782185271
row-687	1.1137384038	0.8301677634	-0.2051860025	-0.0030011649	0.2057069101	-1.7398899331
row-688	0.8591318021	-1.4119660818	-0.1447828775	0.8688051242	1.9010138565	-1.7833990909
row-689	0.2923777181	-0.5485381536	-0.1663028354	0.4775235319	0.8698983022	-1.2829079329
row-690	-0.0979605164	0.5030540891	0.1010961080	-1.8786392773	-0.3782377382	1.9672652858
row-691	0.5570952975	-0.9862155510	2.3803716135	1.1907954379	0.5560610601	-0.1165456524
row-692	-1.7639617688	-0.5962906999	0.1586002258	0.2536328475	0.8553425574	-1.1031868060
row-693	-0.0353075370	0.1182237705	-0.7864652407	-0.7285256808	-0.7408164090	1.2223330592
row-694	-0.8958196107	0.2025180784	-1.8553433456	1.1755750887	0.2024113204	-1.8719862881
row-695	0.7725586146	1.0089952181	-0.2875493213	-0.9337713096	-0.3380742745	-1.8028679604
row-696	-1.5419421029	-1.6030243502	1.4061040144	0.5342037370	0.8932685196	-0.4410917933
row-697	-1.1635560808	-0.4323299480	-0.1471103162	-0.5679384566	-0.4606970621	-2.1621286030
row-698	-0.2209079806	0.2654842885	-0.8222099587	0.4015927205	-1.1996979538	0.9341782084
row-699	1.3746549019	-0.1786479902	0.4590072278	-0.3667415660	1.0694767442	0.2902349492
row-700	1.0934570445	0.8627069026	-0.1255584306	-0.5266534205	1.0223509905	0.3463544178
row-701	1.1181151562	0.2411990052	0.8108206798	-0.9092913375	0.8773180022	1.0743346664
row-702	0.4997678265	0.8716775116	0.9160911597	1.1145297116	-0.4841253720	-0.1161087977
row-703	-0.6956540074	1.8194366934	-1.5250407098	-2.0428322340	-1.3445935540	-0.9285671147
row-704	1.0715366696	2.2389550200	0.3141781238	-0.4911364839	0.2915699210	0.2720003643
row-705	1.1873573012	-0.0073113604	-0.3762304298	0.8665481404	1.0249554240	-1.9512602207
row-706	0.9966901150	0.8771240770	-0.2997786541	0.2058785844	-0.0518565732	-1.8874965888
row-707	1.5562474153	-1.5829842867	0.8367239730	0.1463133001	1.0773669105	0.2682244805
row-708	-1.8636304863	1.4139630109	-0.5819092114	-1.0882102583	-0.3890103279	1.2593422896
row-709	-0.6249720311	-0.8376679258	-1.2745542997	-1.5657769242	1.5429747388	0.5340025399
row-710	-0.1757433330	-1.0887991801	0.1717640959	1.0386881498	1.7861179407	0.7868483021
row-711	-0.8060100241	0.8541799165	0.2749448947	-1.5454265462	-0.3016637711	0.4720288459
row-712	-1.3214057733	-1.0779756349	-0.3084987948	1.3228894911	-0.0432868176	-2.2379429383
row-713	-0.9969908472	0.1789104143	0.1694783968	0.0592002456	-0.5788266348	1.3943227555
row-714	-1.6767475436	-0.7964186972	-1.9156578610	0.1389906027	0.7473915305	-0.0780273339
row-715	0.7310669965	-1.7713790658	-0.0539483132	-0.6618059711	1.6125041876	-0.5568415606
row-716	-0.0853861639	1.6470534131	-0.2772182763	-0.2400856944	-0.7164671193	1.9765181206
row-717	0.2516495264	0.3847501496	-0.5271919626	-0.8105370133	-0.5810516296	1.6060618918
row-718	1.0681921758	1.5505576247	1.6185614466	-0.2966124051	-0.1302884002	1.3173005590
row-719	-0.9908776567	-1.2307783517	-1.4877103454	1.7585351798	0.0850399805	-1.4431152056
row-720	-0.8649037246	0.4268611699	0.8332970534	-1.9658128888	-1.7235231704	0.9136687089
row-721	-0.1114258603	-0.6103582146	-0.3348636280	1.6072587980	1.0443134608	-0.8825928758
row-722	-0.5940328527	-0.3067473291	-0.8091674035	-0.4348986292	0.6552286837	-0.2655588079
row-723	-0.5186901346	0.0313987139	-0.5394429972	-1.7930409985	-0.3673339783	-0.2455262846
row-724	-1.0277283987	-0.4175120334	-1.6846716660	-0.7318189832	-0.1218688315	0.9844939980
row-725	-0.1846000767	-0.5972997416	0.1770897238	1.0295439022	-1.1815707189	-2.1343303166
row-726	-0.9477909447	-1.9493650363	-1.0500329345	-1.9181839183	-1.4002594325	0.3534474633
row-727	0.5270340890	0.3986789717	1.5191011909	-0.5432522502	0.6098284996	0.8347256151
row-728	-1.7002981150	0.7571775517	-0.6579725142	-0.1093727899	-1.3474965174	0.5919682810
row-729	-0.7288718016	-0.6557043647	1.4116386689	1.4139444641	0.5498557332	-0.1590635686
row-730	1.1508774349	1.1427809729	1.4443609374	-1.4986836816	-0.2450890592	1.2604701525
row-731	-1.7172236935	-0.6206221747	2.3229970393	1.0486446363	0.5187989510	-0.9052299931
row-732	0.5396876077	-1.6991575355	0.3095362433	-1.3552159943	1.6740057246	-0.5665960686
row-733	-1.2283497192	-0.0030305375	0.9241227480	-0.4407722964	1.4914096283	1.3927849186
row-734	-0.6571548099	1.7879163335	1.4111086832	0.3826120999	-0.4799843967	0.5671031501
row-735	-1.1716408794	-1.5872883757	-0.8777533220	-0.3350953654	0.0605263189	-2.1995410636
row-736	0.0288864749	-1.1668464489	-0.4598467884	0.8473269448	0.3172426402	-1.3149955790
row-737	0.7188073689	-0.8922245753	-0.7974581316	-1.7782420924	1.5200676747	0.2364296516
row-738	-1.0167483538	0.0799539748	-0.8920898576	-0.9307410656	-2.4870354323	0.2946204241
row-739	-1.6275191352	-0.3369331914	0.7280725593	0.3105367606	-2.5847641432	1.1467174845
row-740	-0.6370879940	-0.8143751468	-1.5561207123	-0.9779744718	0.4978948780	-0.2116470470
row-741	-1.3008663676	-0.9092481056	1.2921316319	0.4795995815	-0.0801040719	1.3296991923
row-742	-0.7939815203	0.5667848884	0.9860031226	-1.2649461989	-1.4753094178	1.0275858497
row-743	-0.5444077897	-0.0899918634	-1.0697631320	-0.5665796210	0.0731384075	-0.5085786082
row-744	1.8600404905	0.9683152758	-0.2590959240	-0.1678976109	0.1576858671	0.9315787465
row-745	0.9800858753	1.1208990296	-0.5151459449	2.3573385061	0.6438816988	-1.2449402353
row-746	-0.9562731816	-0.6346902042	0.5283568663	-1.0515079430	-0.4319050991	-0.5616432593
row-747	0.4931017856	-1.4286823798	0.5956859842	-0.2026585823	0.8406619211	1.1570973634
row-748	-0.5091825280	0.0014712281	0.2777598438	1.1068412109	-1.0334463597	-1.1916537957
row-749	-0.2356390540	-0.5737165173	-0.7898278426	-0.5363377740	-0.5232524659	-0.5740749888
row-750	0.4491620924	-1.0481103700	-0.3517916828	1.2775723488	-0.2761096555	-0.3551081556
row-751	-1.3984518085	0.9573345860	0.9307333498	-1.2609659965	-1.4894237343	1.3294733019
row-752	0.4258876768	-0.6126955704	0.7550635327	-0.1678924187	0.9018749616	1.3429118755
row-753	1.0050188056	1.2183892283	1.2015279788	1.1392803339	-0.4110695968	0.9852644684
row-754	0.6688805638	-0.8660894860	-0.8648686275	0.7000082355	1.4349358952	0.0651849649
row-755	-0.1258128305	-0.4923572075	1.0086418770	-0.9238632114	1.7544001248	-0.5849218080
row-756	-0.2927339623	0.8324108074	0.1845506644	1.7258590057	-1.7577362972	-0.8699173710
row-757	-1.0104664612	-0.2452551579	0.3831460093	-0.8653703155	-0.9608213604	1.4752293074
row-758	0.9688075720	0.4580895318	1.3316721229	0.9551988158	-0.5688497613	-0.1763068212
row-759	-0.5867379501	-0.7045867512	-1.0235070268	1.6233467827	0.3463957191	-0.5725103506
row-760	-0.4377046790	-0.5233104755	0.5446105342	-2.1515719157	1.2597267027	0.8429548300
row-761	-0.3194913457	1.9418987804	-0.6544221626	1.2348816874	-1.1998688928	-1.3388625627
row-762	0.9105269500	-0.3762143553	-0.1907396999	0.0732679159	1.9301642288	0.2566826618
row-763	0.5213079806	-0.9534586152	-0.9955539881	-1.4254212083	3.0051544387	1.0414123495
row-764	0.8543615252	-1.1082494771	0.8925963573	-0.3656816315	1.1327230148	1.6161548617
row-765	-1.0795266254	-1.0130826731	-0.0749155590	-0.7529038501	-0.8286576466	-1.6048663165
row-766	-1.0967196812	-0.0373463937	-0.0978982024	1.1454733045	0.3453391937	-2.1044799418
row-767	-1.0600701385	2.0476931759	-0.4310376004	-0.8645754498	-0.7798014899	0.7223367182
row-768	0.8355931039	-0.1624770234	0.4434950310	1.5466656735	0.5781552729	-0.9695111977
row-769	0.6549482643	-1.1872186617	0.2916139536	0.1875520140	0.7066220975	-0.3720825101
row-770	0.2860711902	0.4231862426	1.5761888146	-0.5358167282	1.4685937834	1.0769700151
row-771	0.9911034370	0.6528852042	-2.2221374103	-0.9181032535	1.3951996626	-0.6804999461
row-772	-0.7562777520	-0.6789675846	0.0871222071	-0.7264422290	-0.0145505542	1.0831233130
row-773	-0.2131393902	-0.9507012559	-0.3592220994	-1.5704869239	-0.7712983606	0.7222070788
row-774	1.7205969840	-0.5842694182	0.1701463801	0.3779645858	1.6568133326	-0.9530910368
row-775	0.4302760098	1.1139987908	1.8635313056	-1.5058950036	-2.1831065620	0.0381899890
row-776	-0.2219738667	1.2632028695	0.9333331078	0.6425835362	-0.7715947933	0.6362436190
row-777	0.3780888641	0.8208843150	-1.4579696582	-0.8248292895	-1.7158905029	-1.2766048628
row-778	-2.1153973133	0.9048182885	1.6762546236	0.3746273835	-1.4965916085	-0.5556143066
row-779	-0.3244200508	0.0692075335	0.8415659476	-0.2592410980	-1.7995952441	1.3626408332
row-780	-1.5949951684	-0.9177798416	1.7490533764	0.2113741645	-0.7538231324	1.0292404644
row-781	-0.1281423379	0.6269516480	0.8259341529	0.5331404971	0.6259502614	-0.6301035617
row-782	-2.0260119372	0.6823477875	0.3499672351	1.7305523148	-2.2058246924	0.8184507631
row-783	0.6700496234	2.7223546519	-0.9827473748	0.3901164204	-0.5059194315	-0.3998404716
row-784	-2.2767298576	-1.3966450716	-1.0322950473	0.0821154648	-0.2094913869	0.2561602751
row-785	1.8663014701	0.2738849459	1.3730856512	0.7584736596	0.5072502776	2.0527235760
row-786	-0.6252732879	-0.0376512597	-0.3258361073	0.2602550700	-0.5569965449	-1.0924772410
row-787	2.2879973920	1.4550193427	-0.3462077215	-0.2565466575	-0.3960510362	1.3690966958
row-788	0.6152360175	-0.2015577121	-1.4885256539	0.9780248933	0.3879568301	-2.1507463277
row-789	-1.5436748112	1.2926622377	1.1774234549	-0.8084603418	-1.5132140303	0.5827489904
row-790	-1.3159744813	-0.8836019447	0.7560353003	-1.4357936754	-0.4893558667	0.5703674722
row-791	-0.0472217324	-0.3545516748	-0.4595626107	0.5169164672	1.1470117808	-0.5110976470
row-792	0.2453436828	0.0480267920	0.9504147807	0.0722328543	-0.8007918017	-0.9445899107
row-793	-0.4003351057	-1.4703169328	-0.2511421316	-0.8414700166	1.3832956982	0.2251296917
row-794	0.6487274235	0.7640110355	1.5185679865	0.9840743247	-1.0299495152	0.3084943269
row-795	1.6747376284	-2.1870654372	2.1843721400	1.2595943663	1.7446178154	0.1629651438
row-796	-0.2361057322	-0.0695209550	-0.9889611293	0.0906820538	0.7609183717	0.2611551709
row-797	-0.5382094294	-0.7549022310	-0.3111247165	0.0360834288	0.8583199659	2.2679607023
row-798	1.2394155473	-1.0142362775	0.9691531854	-2.0844094079	1.9275629600	-0.3564995398
row-799	0.4326170847	1.4020898510	1.3394477809	0.3956030556	-0.4435059290	-0.3389708471
row-800	2.0793728847	0.6832096056	-0.6807587658	-0.3859505512	0.1249577150	-0.0667912821
row-801	2.3005787393	1.1637217772	0.8526664705	0.1857832163	0.5261617162	0.6638848939
row-802	-0.2537809623	0.3476194913	-0.6371809368	0.9045607611	0.2466453864	-0.8965459347
row-803	-0.4346593574	1.4161400170	0.1925273443	0.8071723487	-1.0012895074	-0.0498956162
row-804	-0.4633369585	1.0366496052	1.1409975879	-0.4142695403	-0.8081572305	0.9265061180
row-805	-0.0917253871	0.2014250275	0.1224015731	-0.6604802930	-0.7028243069	-0.0254678229
row-806	0.7149580883	-1.3312452239	-1.1999104709	-0.9997961933	1.7062183325	0.4219656047
row-807	-0.9044164401	-0.8593347002	0.2411258100	-0.6487429023	-1.3856499594	-1.2104368930
row-808	0.6635421285	-0.5792179023	1.4581452491	0.3831912463	0.6403059276	0.6045118931
row-809	1.4400611724	0.1556360445	0.0908440058	-0.7011852137	0.5059681847	-0.3149033333
row-810	-2.1839198286	-0.5299225288	1.2930592578	-1.3658597086	-0.3181734001	2.1604528302
row-811	0.5472652825	-1.0347316575	0.8065087622	-1.0789603876	-0.5146881579	0.9409090665
row-812	1.0430831600	0.1260560818	-0.1533028472	-1.3296079245	0.3403580483	1.1425492063
row-813	1.9207640214	-1.2037259930	1.2820031165	-1.1429793073	0.8009053160	0.7953702673
row-814	0.1362036700	-0.2192333386	-1.6658662069	-0.1319195536	-1.0630449799	0.3540437474
row-815	-0.8815970116	2.0007978438	1.2313227882	1.3336469233	-1.7441648352	-0.2980364658
row-816	0.9736240072	-1.0005412320	0.5372269056	0.3635568845	2.0245812179	-0.0236881460
row-817	0.3699366977	0.9179665400	-1.1577417211	-0.4109462962	-1.8375956916	-0.5786987126
row-818	-1.2427825475	-1.4180347163	-0.4906244241	-1.6822789361	-0.3405046694	0.4469466658
row-819	-0.0769411699	-0.6739870283	-2.0983748787	1.4802055952	0.6076056953	-1.2374962729
row-820	0.6149253164	-0.4633714987	1.2412717066	0.5382074949	0.7264629632	2.2554185324
row-821	0.7567484986	-0.5529270197	-0.6470618618	0.7730681778	0.0321854058	-0.8833623245
row-822	-0.1211828663	-0.8366662090	0.0623859630	-1.0954652539	1.3148350057	0.3528648806
row-823	0.2088532369	-0.6851444741	1.0829155039	1.2108756496	0.8382947137	-0.4310767736
row-824	0.2085314219	1.1421467818	-0.5465112940	-0.1774282286	0.1838618255	-1.0488959487
row-825	0.3873524390	1.7538891673	-0.6142882288	0.0156828950	0.0875915718	1.0589970901
row-826	-0.9185441974	1.1623013904	1.0284842298	0.6108284120	-1.1980993527	-0.8647277952
row-827	0.3579972315	-0.2198454103	-0.3583747767	0.3095538097	1.6582051371	-0.1799780312
row-828	1.2075447824	0.3353345440	-1.5946246184	0.1496488080	-0.2956263809	0.1883271612
row-829	-0.1114276333	-0.2997877065	-0.1466749540	0.1776870745	0.4257142085	-0.9747420311
row-830	0.5155163809	-0.6439595120	0.5836815963	-1.1734899894	1.4544941747	0.9516572049
row-831	-0.3170383990	0.6494302788	-0.5123556445	-1.1757306512	-0.5951954887	0.4657872232
row-832	-0.3766745226	0.8461038397	1.2899969874	1.5141383703	-1.0507206020	1.0978846601
row-833	-2.3818146877	1.3039169182	-0.3928115650	0.8738322193	-0.7482400967	-1.8795660913
row-834	-0.7852205060	-0.2809974414	0.9613358480	-0.6280365304	0.0326509315	1.9562620993
row-835	-0.0329782042	0.1929287710	0.6208044245	-1.4926147215	0.1495009491	1.1266322914
row-836	-0.6619836554	-0.2216506472	1.4736697324	-1.2451049841	-2.0928444858	1.6136979106
row-837	0.1627330324	-1.0746172626	-0.4141264941	-0.9476785536	1.3088184708	0.3090641808
row-838	0.9188277843	-0.4885377928	-0.4563561982	0.3939796532	0.2213192965	-0.5366770850
row-839	0.0237258472	-2.3084553354	1.2199979372	-0.7952284797	-0.4610210948	0.8417341924
row-840	-0.2666038295	0.5846497863	-1.1220592833	-0.4462504443	-0.4768929339	0.2490201605
row-841	-0.0637670656	-0.6826034380	1.3583515058	-0.2621078263	0.6608470055	0.6870817298
row-842	0.1911063306	-1.0295511011	0.9612464923	0.1405430410	1.0223324987	-0.7622079247
row-843	1.1176715883	-1.0991862494	0.9933250599	-0.6453362125	1.5809388884	1.1911809705
row-844	-0.1291606344	-0.9805415138	0.2039614600	1.2719834790	-0.5182448010	-0.0184727844
row-845	-0.4243194190	0.0722181923	1.4520723090	-1.3891253362	-2.0711511563	1.1079903829
row-846	1.0642516069	0.9517739532	0.7629092172	-0.9567295437	-0.3584234286	0.6342619233
row-847	1.5358440983	0.0214881682	-0.2310372269	0.5496612202	0.5789039070	-1.5477139221
row-848	-0.4522846657	-0.3152273767	-0.7193926685	-1.0911560383	-0.0140532509	-0.0611370179
row-849	2.5635796401	-0.1272980471	-0.0908519004	-1.9445554914	1.5417397921	-0.3561878589
row-850	0.8142532240	-1.0297863528	-0.4037598873	-0.9150597830	0.9316849169	-0.3235591417
row-851	-0.1622909474	-0.5516222457	1.0988232508	-1.6262581260	0.0664138817	0.8298090840
row-852	-1.6146485753	0.5016448734	1.5312413704	1.7903522044	-2.1036640293	-0.5199301665
row-853	0.9149016654	0.1279974052	-0.0145642107	2.3594697809	-0.5717732638	-1.4438894944
row-854	-0.4158141889	-0.3595792328	-1.0306177695	1.0263514534	0.4113893167	-0.9408075614
row-855	-0.3592398248	1.6498196654	0.2739871411	0.3519320617	-0.5449285902	-0.7510430066
row-856	-0.2516327298	0.4555428951	-0.9459772693	0.2468653325	-0.8354873807	-2.1658613091
row-857	1.4053816472	1.5287125700	1.8693789221	-2.1913697064	-1.3508045566	0.2728273837
row-858	1.4677635638	-1.0154121004	-1.0225352425	1.6894450672	1.4987316027	-1.0808014515
row-859	0.5975470242	0.3015325164	-0.3493240391	-0.5449621417	1.5500830935	-0.2914152717
row-860	0.3445861491	-1.1980247728	0.5920674910	1.7322215863	1.5470630507	0.9290676844
row-861	0.8056217575	-1.7951764926	-1.1707641888	-0.4905893390	0.5184855683	2.0172115408
row-862	-0.2271889487	0.6967991015	0.0673447120	0.0134602533	-1.7644117277	1.4732662851
row-863	0.5476267325	-2.3315325845	-0.1944405561	0.2250299167	0.4405069917	-0.5480961269
row-864	-0.3947748739	0.1471532674	0.9243418931	-1.3362937122	-0.6609732604	1.2496580506
row-865	-0.4208623091	0.1731197872	-0.5460878333	-1.0454434116	-1.3483922350	2.0881656067
row-866	0.1955012408	-1.0851708604	0.5726221328	1.9270435385	1.3199599322	-0.4983983956
row-867	-0.0895674735	0.7148121068	0.1876888520	0.4926477946	-1.0380325639	-0.8874435987
row-868	0.2640837280	0.2393279201	0.1525405327	1.1014982579	-0.6317371343	-0.9241223863
row-869	1.5863768618	-1.0521234599	-0.8957971967	-0.7049957334	1.8258768149	0.1420789696
row-870	-0.6803037149	-0.2285834642	1.5714807193	-0.0306295999	-0.0526601808	-0.3705084117
row-871	1.8500415138	0.4632161475	1.0279749588	0.1501735981	0.7793471911	-0.9236915866
row-872	-0.8900726879	1.0713279488	0.5484894796	0.4668092736	-0.6790293069	0.8887574379
row-873	-0.5113220178	0.0185465026	-1.0305340610	1.4122053923	0.4619998942	-1.1720361357
row-874	-0.9164637348	-0.9074866702	-0.7161903424	-1.3434814858	-0.0702041948	0.8885539732
row-875	0.1241727858	-0.4682410007	0.7695515199	0.3149372485	1.3444515285	0.1806481775
row-876	0.4200940636	-0.6221756633	1.3236495847	-1.2894713770	0.3586124194	0.8693185521
row-877	-1.1324164053	-0.5483374174	-1.2270764376	1.0443169463	0.0348169805	-0.4543765676
row-878	0.0197691105	0.2330689091	0.1990691932	-0.8188439070	-1.4339256825	0.8219498531
row-879	0.5915109829	1.0759449666	0.2576742485	1.0033806919	-0.3682153412	-0.9968530973
row-880	1.0976435336	-1.4339343774	1.3777402518	-0.8588505482	0.8948777358	1.2569271154
row-881	0.8840350429	0.2187116621	-0.2562213697	0.2282231939	1.1252522337	-0.4162151751
row-882	0.9402758629	2.1918014817	1.8803208002	-0.5918809467	0.7906691576	1.0254667244
row-883	0.2285410438	-0.0368052261	1.1614623555	-0.5455849012	-0.0283519891	0.6491586984
row-884	1.7425292854	0.0022294225	1.2974756411	-0.3069655785	1.2094172699	1.0413411241
row-885	0.6800601017	-1.0865168807	0.2045896009	1.2583955703	1.7584910786	0.4526460407
row-886	-0.6170643554	1.3330084034	-0.1222071005	-0.7286133466	-0.3216725940	0.2967111393
row-887	-0.5827899984	-0.0370408000	-1.0675319704	1.0090329839	0.5291345436	-1.1026885913
row-888	2.3799910172	0.0425572660	-1.2202128925	0.5265350251	-0.4932344088	0.4558979803
row-889	-0.9911333636	0.3656089736	-0.5646807428	-1.5685902862	-0.9535619081	-0.3706226328
row-890	-0.4600849062	1.9199898114	0.5798450251	0.1137648963	-1.5828663509	0.0142093599
row-891	-0.1543409482	-1.1671956773	0.7198906542	-0.2154497636	0.2293234583	1.4499625514
row-892	1.9728591639	-0.5219285390	-0.4197003318	0.8272846770	0.7819321416	-2.4152520434
row-893	0.6447064810	1.6125306315	-0.2862207113	0.5572632857	0.9941192392	-0.4447688449
row-894	-0.7137868593	0.9947575927	1.9193462176	0.3124400649	-1.0765308941	0.3823492141
row-895	-0.1500630337	1.0200274327	-0.4343680827	1.3119483817	-1.0410275201	-1.3228767530
row-896	-1.1128932718	-1.0657909824	0.8703569459	0.7127539871	2.1628053312	-0.9129419155
row-897	0.8941094237	-1.2061383993	0.0300971382	0.6552119177	1.5562701371	1.3710842184
row-898	-0.8423905030	-0.0030891232	-0.7192109496	1.2061191851	-0.8365276259	-1.5156959500
row-899	0.6924698109	-0.8393590982	1.7956857141	-0.3044362653	1.0969796760	0.8911882770
row-900	0.2683617340	-0.3494852142	-1.6858820587	-0.0812255585	1.4795030734	-2.4377307779
row-901	1.0899729152	-0.1095390738	-0.1567120217	0.8520737374	2.2064424800	-1.0323147756
row-902	-0.4959292020	1.7298341707	-2.0941445496	-0.3841234342	-0.3736015274	-0.4827839388
row-903	-0.1819663008	0.1103500737	-1.4180867535	-1.6227071803	-0.2110124286	0.4775427869
row-904	-0.5306905210	-0.3279006887	0.1156556434	0.6903528100	0.4595958981	-1.8254193805
row-905	-0.9210874959	1.3780879083	1.0537637076	-1.6160556470	0.0674282144	0.0960215771
row-906	-1.5432105720	0.7775893878	-0.4475616317	0.1140834532	-1.1977337975	-0.9577882527
row-907	0.6137409199	0.2899177165	0.8491966265	0.7050228206	1.7268757320	0.9084232557
row-908	0.5572503957	0.0060795634	0.6780696240	0.7799396526	-0.8043633805	-0.1887568262
row-909	-0.2291321140	-0.1875756938	-2.3800798455	1.2414892386	1.4253809386	-0.5911709726
row-910	1.6225923203	-1.8007620115	0.4348476723	-0.5425700583	1.3911186358	1.8115646501
row-911	1.2463742128	-0.6215193017	-1.8305691893	1.3134401736	1.6442315351	-2.1213907464
row-912	0.8877646689	-0.7704381728	-1.2397290428	-0.2069866055	-0.9655072557	-1.5390464920
row-913	1.3504647999	-1.3746997718	0.2824007506	-0.2708611573	2.3883119181	1.6558302527
row-914	0.1755828877	0.1148891919	-0.7774534697	0.9856933134	-2.1029950926	-1.4107665533
row-915	-1.7480687726	-0.5588650180	1.4197352367	0.5850739236	0.6628407168	0.2276497963
row-916	-0.0963601968	0.4585014751	0.6942174092	1.4070552777	0.4090012705	-0.3777536641
row-917	-1.1550787447	1.4099124238	1.1053173080	-1.5681209116	-0.8183318245	0.1143941332
row-918	-0.2885735406	-0.7040665842	0.1301367494	-0.4938227074	0.5207514771	0.0210280709
row-919	-0.7871181673	1.8707498321	0.0356076261	-1.3875782661	-0.9510643956	0.0430343357
row-920	-2.2116043686	0.0183409133	-1.2357276083	-1.5341819384	-0.7713920897	0.0056283615
row-921	1.9216983121	-0.0275320833	-0.2404840811	1.3233713154	1.7817288563	-0.2086294931
row-922	1.1429558985	0.7799061552	0.1275411705	-0.0899248911	0.1216999586	0.7868543149
row-923	0.8096437648	-2.4850941143	-1.0422234929	1.0288390165	0.5155494102	-1.0678463119
row-924	-0.3026593369	0.6370832451	-0.3067084932	0.6724339012	0.7651140381	-1.5460377226
row-925	-1.6148913249	-0.8132207600	1.7071157662	-0.1081013858	-0.8592926801	0.0067728763
row-926	0.4386607214	-0.8111294732	-0.5526532567	-0.7766630440	1.6938692974	0.1971992318
row-927	1.6350486292	0.3063140490	-1.7334105015	-0.4132861146	0.8185355994	-1.9641030397
row-928	1.3421730427	0.7451151544	-2.2663202048	-1.3038461831	-0.4204797538	-0.5741828764
row-929	-1.6065741985	0.7772364513	-1.2076123188	0.7609441070	-0.1516207786	-0.4796640369
row-930	1.5451621213	0.5305816376	0.6804614361	-2.3675440976	0.7164186765	1.2520533926
row-931	-0.2189711090	1.9819909837	0.4725600027	-1.1874765920	0.2524703998	0.8186468973
row-932	-1.4057676040	-2.5587422262	-0.4919619888	-1.9800682700	0.1825086256	-0.7238444013
row-933	-0.6853438122	-0.5712286611	-0.4805448491	-1.5267021330	1.1065002078	-0.5481428441
row-934	0.4317797199	0.9349706125	2.1725580693	0.8379838113	-0.1776067094	-0.5557704259
row-935	2.6851161989	-0.0139672771	-1.6058738587	1.1972718666	0.3044150316	-1.2544036020
row-936	1.2991467966	-0.7806338074	-0.9691843202	1.5967150437	0.0472094705	0.5912434421
row-937	-0.3886446800	0.3159192481	0.9387185441	-0.4465674462	2.3323132835	0.0653191915
row-938	0.7859902072	-1.3584932497	0.1589899408	-0.1855056737	0.3318697543	-0.4820378172
row-939	-1.3371884606	0.5091007650	-0.7656916175	-0.0593175407	-1.7462279593	-1.1598313494
row-940	-0.8514228733	0.7733650198	1.2951895490	-0.6927673314	-0.1721606123	2.5843692169
row-941	-1.1085841080	-0.2057446155	-1.2747331611	-0.2115830891	0.1212497873	0.6408805183
row-942	-0.0319385065	-0.3762760673	-0.7778335001	-1.2850920608	-0.1695742935	-0.4825442504
row-943	2.1238798230	-1.7530461526	1.6785976337	1.1178244084	1.5729561116	0.2795571103
row-944	0.8589703701	0.2637397270	0.3434565767	-0.3267683876	1.2617456554	-0.1301026532
row-945	0.1897543020	0.1126820560	-1.3571353890	-2.3980000517	-0.5678316466	0.6411900397
row-946	0.5379222223	-0.3011855219	0.5688433044	-0.1418120088	-0.3220758531	0.7909781875
row-947	1.6429751200	-0.6922474641	0.6319778153	-0.0233385470	0.8067916838	0.8402066242
row-948	1.2834726800	-1.2395468843	-0.7946824596	-0.7937865259	1.1062783570	0.8743811428
row-949	-0.2284201798	0.6910343786	1.1684333955	-0.7099978769	-0.4882213656	1.0970129288
row-950	-0.3286053272	-0.7894029127	0.7627860832	0.9527924709	1.0409665805	-0.3721584722
row-951	-1.0364428416	-0.9200238210	1.0833325812	0.7070135383	0.4152980286	-0.5029334774
row-952	0.9456934939	0.0779110400	1.4888740385	0.0258513670	-1.1104007974	1.1759492623
row-953	-2.0345405294	0.2058074015	-0.7873525075	-0.7731246188	-1.6832139007	0.0528546078
row-954	0.4735370410	1.4907662452	0.1224786366	0.5040410522	-0.1479374355	-1.1019653291
row-955	0.2592199921	-0.8557673759	-0.8087156396	-1.2548665122	0.7119869736	-0.1684683216
row-956	-0.5084246984	-0.7850852224	-0.9773105119	-1.5937894904	1.3292904637	-0.2775263847
row-957	-0.5535375499	0.7303860934	0.6417546559	0.0159926911	-0.0930963649	0.4748353346
row-958	-0.6786273927	-0.7060571106	0.4518860917	-0.0134184311	-1.0769072856	-1.3408457011
row-959	0.8315353414	0.0474731332	0.8323583715	1.0425639427	0.1319848292	-0.4723488888
row-960	-1.7794708311	-0.9092215938	-0.3448735544	1.4567050480	-0.3906743210	-0.1895108053
row-961	-0.6386589771	-0.5446566714	0.7162312122	-0.1018140695	-0.2656149183	0.0145590074
row-962	0.6216086724	-1.3065529935	0.1729780881	-1.9425776343	0.5834753280	1.6554889965
row-963	1.5896361125	1.3247982228	-0.6359061005	0.6699014346	-0.0018484264	-1.1187998973
row-964	0.4264903639	-0.7890634046	0.4833362725	-1.4141300054	-1.0484890587	0.1944780917
row-965	1.4323432183	-0.8143664750	0.7118902799	-0.4019200491	-1.3626931117	0.2255526552
row-966	-0.8541557486	-1.0232588406	0.4893964708	-0.1669612368	0.0088161580	1.6431049268
row-967	-1.0338255905	0.7041590070	1.0022717208	1.5126036916	-1.0031927153	1.0748984928
row-968	0.5296611540	1.8695093397	1.3378884676	0.6580685615	-0.6712950460	1.7174394168
row-969	-1.0580579558	1.2255021853	0.2846403521	0.8347704228	0.1853926341	-0.3374018452
row-970	0.1081131077	0.6701034679	1.2156456971	-0.8687772494	-0.3185956986	2.0356631650
row-971	0.9359449796	-0.8699140636	0.3123778665	-1.2325878207	0.3865192509	2.0641708916
row-972	0.9339606308	-0.1781361035	1.1846500722	0.0050486014	0.6389996122	-0.0320014131
row-973	-0.8057430505	-0.5902385778	1.3909948762	1.2724565136	-1.7002494000	-0.1341455882
row-974	-0.0994384532	-0.0221761521	1.2297255449	0.1791894127	-0.9493029979	-0.8441225756
row-975	1.5573048795	-0.2297744206	0.3217152697	-0.9185209261	-0.2779582025	-0.3645186017
row-976	0.3799653019	1.6325122740	0.7462961033	0.1538334740	0.0689176452	-0.3381237176
row-977	1.1211320987	-0.2681878382	-1.1416225203	-1.4187423305	-0.6917690685	0.7017035622
row-978	-0.8012201565	0.2418927620	-1.7998866511	-0.0857431061	0.7679926950	0.3932749447
row-979	0.6673554314	0.7803117736	1.2083696631	2.5570100039	0.2195764766	0.4332485521
row-980	-1.1668154643	2.1234378978	-0.8550088294	-1.1438311239	-1.9795751059	0.0661308655
row-981	-0.5691381124	-1.5737067574	0.4834457866	0.4175590848	0.0143743047	-0.2335633734
row-982	-0.4605900701	1.9474662224	1.0636192955	1.5426153549	-1.7478801615	-0.5853951322
row-983	0.3157123412	0.5703218679	-1.0518043620	0.6404902637	0.2108761045	-1.4718752973
row-984	0.8349058598	0.4972485244	1.0045162064	-0.9643119290	-0.3868900090	0.8042954645
row-985	0.4966792874	-0.6979732417	-0.8641598278	-0.1006565432	-0.0654821038	-0.8456777131
row-986	0.5217239531	0.6739356230	-0.7028661462	0.5774826572	0.0638412423	-0.9888569941
row-987	0.6437780201	1.0186233752	0.2771383491	-0.5912770136	0.5068292925	0.4534622203
row-988	-2.2767426766	-1.4013306222	0.1499627213	-0.4590414170	0.2335283887	-0.0873864425
row-989	1.4408988988	0.9754626765	-1.8951613989	0.2867747926	-1.0644571159	-0.7901089732
row-990	0.2239657219	-0.1626970408	-0.9177322830	0.3490357558	-1.4946201585	-1.6530945861
row-991	-0.0274467095	0.1591383411	-1.7983532976	-1.3115541117	-0.8419150437	1.1142271667
row-992	0.0900921308	1.4836724035	0.1304851234	-0.8734687181	-0.2067404788	0.9149162316
row-993	0.2806794547	-0.9529926687	0.1314983325	1.0942611593	-0.0727002770	0.3525027980
row-994	0.5412630607	0.2328195086	2.2060939749	0.7557473096	0.0553674780	0.6296023023
row-995	-1.8009079915	0.0125574655	-0.8104633926	1.3691063109	-0.9909640181	-0.7955586357
row-996	0.9211562103	0.1435855198	0.8318630881	2.5529595115	-0.6433255993	0.2383535110
row-997	-1.5244346640	1.1624538534	0.1746193213	2.0134250319	-1.0785863743	0.6146912353
row-998	0.8565108621	0.6408362264	0.7354691240	-0.0358574363	0.0968940667	1.2690570499
row-999	1.4462169758	-1.1995126371	0.5724367721	-0.4764971782	-0.0733731323	0.5465491502
row-1000	-1.0307690790	0.7960241527	0.9925692055	-1.3078118834	-1.7097696524	0.2194680783
