	i1	i2	i3	i4	o1	o2
row-1	-0.3704682917	0.3414529806	0.0932330917	-0.0268364140	-0.5943656296	0.1747860866
row-2	0.1721233382	-0.2384227636	0.5852644249	-0.4818988026	0.1446598148	0.8983609061
row-3	-1.0073550792	0.9805846737	-0.0022526154	0.0580022135	-1.4444944092	-0.0119755298
row-4	0.2759503256	-0.3506612711	0.6942438757	-0.5827968613	0.2866081952	1.0571992476
row-5	0.4882340972	-0.4545288625	-0.5413866121	0.5702824029	0.5244047813	-0.6226111737
row-6	-0.3952343276	0.3092168343	0.7523592652	-0.6413490631	-0.6035953689	1.0785652267
row-7	-0.2007028808	0.1441252124	0.4317512997	-0.3412496002	-0.3565050549	0.6548629467
row-8	-0.8602185101	0.8979461897	-0.7350717292	0.7420011574	-1.2752308502	-1.0063744519
row-9	-0.6033216926	0.5147561610	0.7592616597	-0.6491419472	-0.8799847405	1.0699121095
row-10	0.2204225551	-0.2699896846	0.3962582121	-0.3054165065	0.2020756296	0.6427912084
row-11	-0.4865079396	0.5053804480	-0.4754184057	0.5024277782	-0.7690746578	-0.6169146545
row-12	-0.0107993981	-0.1071857624	1.1654246118	-1.0238429240	-0.0776668788	1.6798175851
row-13	-0.6999419204	0.6088551745	0.7780026202	-0.6672410033	-1.0077608133	1.0872477602
row-14	-0.8297002480	0.8150587277	-0.1237109156	0.1723702614	-1.2126811258	-0.1634271270
row-15	0.4561367693	-0.4697184781	0.0041413492	0.0616031955	0.5013448571	0.1243934211
row-16	-0.6244202464	0.6542642954	-0.6178363840	0.6342701708	-0.9575391547	-0.8246840972
row-17	-0.9032091045	0.8580122043	0.2230407932	-0.1513063580	-1.2979405809	0.3067587208
row-18	-0.1817370872	0.1007513339	0.7172094499	-0.6071923016	-0.3210294167	1.0488651925
row-19	-0.3070280291	0.3436388581	-0.6618063033	0.6773265926	-0.5371692176	-0.8574498477
row-20	-0.4855128810	0.4739352188	-0.1217672486	0.1728071131	-0.7550383728	-0.1307509155
row-21	0.2195984903	-0.2521771943	0.1989237219	-0.1214925931	0.1938861053	0.3714923320
row-22	0.5851235472	-0.5524790658	-0.5185096758	0.5495924797	0.6540348900	-0.5827214998
row-23	-0.7073748892	0.6444773225	0.4499010394	-0.3614763551	-1.0294373636	0.6356394917
row-24	-0.3769899707	0.4265553989	-0.8198420045	0.8241696768	-0.6358599288	-1.0807615087
row-25	-0.2381306038	0.1643272877	0.6276705919	-0.5241043404	-0.3992194651	0.9208820778
row-26	0.8276246808	-0.8051516790	-0.3739805688	0.4164656207	0.9816187643	-0.3629328180
row-27	0.1576034270	-0.1225800279	-0.5927302046	0.6159782364	0.0830088221	-0.7220034621
row-28	-0.0041280214	-0.0035531396	-0.1145363753	0.1692121997	-0.1148111398	-0.0788474155
row-29	0.5097950832	-0.6058900565	0.9680130874	-0.8364409232	0.6073300861	1.4538677911
row-30	-1.4685941328	1.3817303231	0.6451883900	-0.5484704166	-2.0344043764	0.8376931058
row-31	-0.0963909802	0.0010243939	0.8934813706	-0.7709322942	-0.2012309654	1.2985828089
row-32	-0.6284110744	0.6057762537	-0.0089637647	0.0667330042	-0.9409562851	0.0118349709
row-33	0.1931332496	-0.1835733694	-0.2932124124	0.3370391913	0.1410106019	-0.3072329163
row-34	-0.0778869353	0.0205994340	0.4533798722	-0.3606065918	-0.1924523726	0.6952969600
row-35	1.0951038133	-1.1250344799	0.2636093624	-0.1760646130	1.3601342001	0.5367224041
row-36	0.2653186798	-0.2973271239	0.1972862368	-0.1196676669	0.2546090133	0.3732273692
row-37	0.4841661513	-0.4719820827	-0.2919578227	0.3377710668	0.5279634626	-0.2801375805
row-38	-0.5421940554	0.4358823543	0.9719670987	-0.8469986937	-0.7910732898	1.3675946356
row-39	-0.6636099251	0.6346700430	0.0604046535	0.0018469299	-0.9852569507	0.1041101411
row-40	0.2085331272	-0.1230286205	-1.1732913686	1.1574338213	0.1298456494	-1.5155178344
row-41	0.1926300816	-0.2505888658	0.4906603901	-0.3935873802	0.1685211612	0.7701197671
row-42	-0.1750132950	0.1687614601	-0.1497582408	0.2009250499	-0.3432572766	-0.1421552463
row-43	0.9319737491	-0.8376267109	-1.1971022746	1.1843532627	1.0907530596	-1.4851784592
row-44	0.7985914032	-0.7909534021	-0.2049029592	0.2586840106	0.9490992451	-0.1330745351
row-45	1.5163767603	-1.5287372263	0.1055290581	-0.0259708510	1.9145040958	0.3561731226
row-46	0.1342328806	-0.1288906189	-0.2506638018	0.2969961841	0.0642362892	-0.2538865124
row-47	-0.3821527687	0.4036560754	-0.4945885807	0.5209774218	-0.6310309524	-0.6341659422
row-48	0.1676843458	-0.2018380946	0.2115521490	-0.1336022954	0.1253238839	0.3843238697
row-49	0.2269142849	-0.2635410514	0.2467213096	-0.1659954352	0.2053302174	0.4378256420
row-50	1.1320842933	-1.1628124522	0.2768995739	-0.1882104193	1.4097749161	0.5582129735
row-51	0.2943902421	-0.3662153908	0.6627482040	-0.5533202694	0.3099905266	1.0155174286
row-52	1.0121185524	-0.9813122956	-0.4506241193	0.4891079219	1.2241351183	-0.4521924382
row-53	0.7319778834	-0.7571763437	0.1690849166	-0.0903335414	0.8739857694	0.3751472570
row-54	0.3783005174	-0.4445993674	0.6077312174	-0.5014924964	0.4195655233	0.9472140772
row-55	1.1782910221	-1.2248183000	0.4653723277	-0.3635781132	1.4779789271	0.8212880671
row-56	0.6887228723	-0.6568394886	-0.4983805187	0.5315075093	0.7924865254	-0.5460235829
row-57	-0.9658064640	1.0140384676	-0.8685416938	0.8657145529	-1.4204007224	-1.1990273737
row-58	0.4242178480	-0.4631905609	0.2954652395	-0.2101391945	0.4693837160	0.5220219483
row-59	0.5491303167	-0.5602344900	-0.0144877873	0.0795743318	0.6243035335	0.1068953093
row-60	-0.5775064732	0.6092169451	-0.6343929101	0.6500084651	-0.8957657866	-0.8433505336
row-61	0.4241572739	-0.4286041936	-0.1054042064	0.1634982630	0.4548923096	-0.0289596585
row-62	0.5297172243	-0.4977097640	-0.5171528550	0.5479658750	0.5804248598	-0.5856866911
row-63	0.4537724972	-0.4787447811	0.1361342831	-0.0614387287	0.5029467449	0.3056054357
row-64	-0.6691467767	0.7187751318	-0.8524179399	0.8526241045	-1.0254329139	-1.1510045481
row-65	0.2209675242	-0.1986834674	-0.4379129206	0.4720918361	0.1728124646	-0.5036905360
row-66	-0.3549562676	0.2593541452	0.8680322526	-0.7489011055	-0.5458901885	1.2410636070
row-67	-0.3740429077	0.2762038175	0.8919241804	-0.7712947108	-0.5704056409	1.2722380568
row-68	-0.2391731788	0.2458543017	-0.3069102458	0.3469823719	-0.4342027922	-0.3637465105
row-69	0.8726432973	-0.9227906126	0.4740870482	-0.3736975450	1.0719550750	0.8066210267
row-70	-0.1839977118	0.2608095446	-1.1151509636	1.1006786733	-0.3899063815	-1.4698256659
row-71	-0.3740338492	0.3959144249	-0.4980839049	0.5242883428	-0.6203630740	-0.6382623307
row-72	-0.3006192531	0.3278330933	-0.5520036978	0.5750248904	-0.5247019011	-0.7059726073
row-73	0.6201944630	-0.5981730179	-0.3913478108	0.4312979975	0.7052305531	-0.4048861296
row-74	-1.3299938333	1.3091068517	-0.1057301764	0.1523426950	-1.8771398454	-0.1823268226
row-75	0.2068446693	-0.2910026610	0.7963965423	-0.6784616105	0.1984093806	1.1915789903
row-76	-0.0339684520	0.0688561775	-0.6120364469	0.6327214928	-0.1723665490	-0.7652393792
row-77	0.3314983134	-0.3023774986	-0.5052433791	0.5355705151	0.3173349032	-0.5865975207
row-78	0.4492181743	-0.3725157335	-1.0448598376	1.0392991446	0.4544364717	-1.3180128372
row-79	-0.1316311542	0.0377750852	0.8721022542	-0.7512357040	-0.2488488555	1.2661261296
row-80	-0.6397561590	0.6143248600	0.0222682146	0.0375485402	-0.9549160164	0.0537728533
row-81	1.2742255287	-1.3538676969	0.8603107741	-0.7310611535	1.6197147651	1.3724756575
row-82	-0.0556753232	0.0624211665	-0.2876602752	0.3302388191	-0.1895632899	-0.3212917938
row-83	0.8928825195	-0.8830974820	-0.2195533902	0.2729551968	1.0739259788	-0.1449909856
row-84	0.8550805199	-0.8956658907	0.3611534247	-0.2685503851	1.0445467416	0.6498679918
row-85	1.2657905007	-1.2261498726	-0.5255454345	0.5605969030	1.5586807693	-0.5330542875
row-86	-0.4790126875	0.5430637279	-0.9991482313	0.9906289073	-0.7779378395	-1.3361034301
row-87	1.1108441194	-1.1704714454	0.6101190974	-0.4989326554	1.3935165264	1.0143560174
row-88	0.7047708889	-0.7276546292	0.1392442015	-0.0626976815	0.8367432396	0.3317608026
row-89	-0.5323519029	0.4977995043	0.1398761858	-0.0713685227	-0.8079017219	0.2247825433
row-90	1.0986314844	-1.1685444434	0.7282095863	-0.6090808828	1.3815259291	1.1756012342
row-91	-0.1726846156	0.1034865619	0.5813347066	-0.4804885723	-0.3138793612	0.8629008599
row-92	0.8331141292	-0.7487821274	-1.0915981440	1.0853703444	0.9631189265	-1.3487861049
row-93	-0.6073919073	0.4818021429	1.1886890630	-1.0494243677	-0.8699582956	1.6597851908
row-94	-0.0511541105	-0.0452907237	0.9109312582	-0.7869012676	-0.1404644241	1.3265104143
row-95	0.7330415959	-0.6415341908	-1.1858163822	1.1725344660	0.8266924802	-1.4870085525
row-96	-0.9982845777	1.0543963619	-0.9635702826	0.9540755530	-1.4669942766	-1.3324710278
row-97	-0.8809254638	0.7835011402	0.8318579247	-0.7186201621	-1.2464296490	1.1454920155
row-98	-0.8746212885	0.8011764026	0.5541310438	-0.4597184527	-1.2480327103	0.7643189623
row-99	-0.0879948116	0.0657656351	0.0452322856	0.0197489566	-0.2205626024	0.1334360093
row-100	0.6121753654	-0.6072194611	-0.1940818818	0.2473802178	0.7016612507	-0.1344523951
row-101	-0.7868050516	0.7219642705	0.4638048440	-0.3749545516	-1.1345343454	0.6478252514
row-102	0.7554792411	-0.7702388224	0.0504456392	0.0203999407	0.9009642006	0.2141318570
row-103	0.8332212821	-0.8808286359	0.4402997125	-0.3424629612	1.0183316576	0.7567452754
row-104	-0.4308299355	0.4313977883	-0.2568226605	0.2990452608	-0.6871963599	-0.3116112525
row-105	-1.0635276169	1.0177499738	0.2123086837	-0.1423506123	-1.5114585688	0.2780320790
row-106	-0.1026779580	-0.0200292009	1.2102346920	-1.0662092139	-0.1982020776	1.7333973806
row-107	0.3009476336	-0.3445414301	0.3356819308	-0.2484292037	0.3069503940	0.5665517598
row-108	-0.9296737824	0.8776646541	0.2992497188	-0.2225111968	-1.3303838687	0.4091972553
row-109	-0.5366740820	0.6086937547	-1.0979534329	1.0823454543	-0.8581465587	-1.4769332291
row-110	1.1724173913	-1.1275443709	-0.5964740376	0.6260972508	1.4319979759	-0.6386821935
row-111	0.3878846620	-0.4002426859	-0.0175058175	0.0813339690	0.4098302890	0.0886904849
row-112	-1.0052890464	0.9944366285	-0.1868437287	0.2300673047	-1.4483836399	-0.2655072839
row-113	1.0756073485	-1.1466125796	0.7383817992	-0.6187124943	1.3512826423	1.1875753233
row-114	0.2510873866	-0.2592337033	-0.0813169901	0.1399167045	0.2256739881	-0.0109403721
row-115	0.7149133322	-0.7205963085	-0.0593602938	0.1224816051	0.8430872603	0.0596723753
row-116	-0.0719895103	0.0204961580	0.3867495402	-0.2984640202	-0.1870074585	0.6042307928
row-117	-0.5776778062	0.5227946457	0.3709865988	-0.2870754011	-0.8598511195	0.5384816977
row-118	0.4601506562	-0.3981346552	-0.8731508022	0.8793259505	0.4751432143	-1.0810537443
row-119	0.2870592343	-0.3193159760	0.2025388418	-0.1244214303	0.2837003765	0.3823420746
row-120	0.4265240878	-0.5117296102	0.8325041601	-0.7106812837	0.4917557407	1.2603579039
row-121	0.2452353204	-0.2119079513	-0.5634864477	0.5892935221	0.2005605421	-0.6741699236
row-122	0.1038406082	-0.0553350986	-0.7551248760	0.7669900047	0.0056970036	-0.9498941562
row-123	-0.3572155491	0.2584658397	0.9043311499	-0.7827489299	-0.5475888331	1.2907577915
row-124	-0.8631320906	0.7807547507	0.6590939237	-0.5574760093	-1.2289853141	0.9095871146
row-125	-0.3968110802	0.4129390165	-0.4337754340	0.4641996340	-0.6483319709	-0.5518589599
row-126	0.7533786583	-0.7628136245	-0.0116049430	0.0782216221	0.8959409638	0.1286631109
row-127	-0.8356757778	0.8740911607	-0.7403811529	0.7471102359	-1.2427938838	-1.0115324799
row-128	0.9848578905	-0.9507970028	-0.4913835517	0.5269204255	1.1864287240	-0.5105908378
row-129	0.0510462588	-0.1504762299	0.9567302067	-0.8289213855	-0.0029497972	1.3983683056
row-130	0.9467760392	-0.8839870564	-0.8290829849	0.8414307103	1.1236616077	-0.9780627399
row-131	-0.1266904017	0.1229413030	-0.1735491079	0.2234154523	-0.2798706501	-0.1706421057
row-132	0.0597366608	-0.0315584800	-0.5239211293	0.5512041157	-0.0446245343	-0.6359601944
row-133	-0.1105431776	0.1680072824	-0.8825069376	0.8843183228	-0.2838904154	-1.1436638791
row-134	0.9600648346	-0.9928532174	0.2820696156	-0.1941530098	1.1812730108	0.5503230589
row-135	0.1290306200	-0.0586790350	-1.0060237132	1.0010095110	0.0301657755	-1.2925469331
row-136	-1.1323145378	1.0867364658	0.2024937298	-0.1336517675	-1.6032587771	0.2585453438
row-137	-0.5407692400	0.4950714785	0.2683622876	-0.1911813817	-0.8144730253	0.4006469017
row-138	-0.5392165269	0.5163713220	0.0032011832	0.0559771211	-0.8219410934	0.0363307097
row-139	-0.1189073112	0.0670026560	0.3864109093	-0.2984548943	-0.2493935462	0.5996752741
row-140	0.1100061394	-0.1717936882	0.5261083112	-0.4271670369	0.0599527646	0.8116384888
row-141	0.3904069904	-0.3798576118	-0.2831980240	0.3289938296	0.4036321636	-0.2762711553
row-142	0.1716623930	-0.1493746577	-0.4433299280	0.4768187619	0.1070700265	-0.5154341629
row-143	0.0420201448	-0.0867617515	0.3207853204	-0.2362360430	-0.0378109976	0.5235049117
row-144	-0.5661706727	0.6201462497	-0.8916670253	0.8898796624	-0.8899443988	-1.1959735811
row-145	0.0789573400	-0.1085310829	0.1487045279	-0.0756036260	0.0051082620	0.2902079226
row-146	-0.4701448886	0.4855452294	-0.4333211048	0.4632970980	-0.7458077751	-0.5576274225
row-147	-0.2362231224	0.2740906655	-0.6686796320	0.6841955563	-0.4432861672	-0.8607244584
row-148	-1.0885441210	1.0003829623	0.7016770508	-0.5986389639	-1.5271239204	0.9484652099
row-149	0.7469149950	-0.7464426682	-0.1273384344	0.1860509587	0.8831874688	-0.0309706399
row-150	-0.1428029689	0.1347902090	-0.1258020141	0.1788066228	-0.2995747113	-0.1064205781
row-151	-0.4646030310	0.3355343512	1.2446452218	-1.1006465494	-0.6781189632	1.7491420195
row-152	-0.3678936501	0.3016526596	0.5257236902	-0.4299305337	-0.5753951969	0.7694486557
row-153	0.4461482007	-0.4573325004	-0.0247826102	0.0884970594	0.4870259692	0.0837680309
row-154	1.0394859645	-1.0181355459	-0.3378537348	0.3841769628	1.2645721553	-0.2948090429
row-155	-1.1526172956	1.0783498460	0.5333796635	-0.4421928138	-1.6183548283	0.7115626973
row-156	0.7934914914	-0.7175435605	-0.9985735151	0.9984061578	0.9137875657	-1.2243822245
row-157	-0.1771022345	0.1600052687	-0.0240681923	0.0837596465	-0.3415159362	0.0304177490
row-158	0.6764318228	-0.7093529920	0.2526951149	-0.1686268556	0.8031468988	0.4852233087
row-159	0.6286745287	-0.6473518625	0.0821110184	-0.0099427482	0.7335246006	0.2466001675
row-160	-0.6565163679	0.6859643289	-0.6167360935	0.6330349491	-1.0001691350	-0.8259697972
row-161	-1.0254796438	1.0364025592	-0.4418677356	0.4676352933	-1.4843934898	-0.6177859947
row-162	-0.9334873044	0.8631092084	0.5121075386	-0.4209342156	-1.3278016406	0.7014279387
row-163	-0.4281650580	0.2887891908	1.3682889243	-1.2156529319	-0.6252323686	1.9222610137
row-164	0.8448151110	-0.7531406322	-1.1755727972	1.1637169274	0.9756557490	-1.4631853028
row-165	0.2757305350	-0.3014808664	0.1257611173	-0.0529333256	0.2658795815	0.2758270932
row-166	0.1654796812	-0.2884065346	1.2420148554	-1.0940787075	0.1594370971	1.8004545273
row-167	0.6927326704	-0.6233630189	-0.9331789789	0.9367957289	0.7821866764	-1.1432841977
row-168	-0.6255970038	0.5425766608	0.6924510414	-0.5870153814	-0.9119999774	0.9761421727
row-169	-0.4145443014	0.4769731307	-0.9732863935	0.9669450529	-0.6913019489	-1.2949374735
row-170	-0.2687704791	0.2318172796	0.1964813452	-0.1224065125	-0.4554538684	0.3255615530
row-171	1.0475699011	-1.0772912622	0.2559979798	-0.1692808079	1.2966675874	0.5221171181
row-172	-1.3078039596	1.3042563606	-0.3046309292	0.3378768166	-1.8547902638	-0.4537722004
row-173	-1.2723071311	1.2470070728	-0.0482041101	0.0991013022	-1.7983814271	-0.0982310603
row-174	0.2337591123	-0.1648045458	-0.9783880971	0.9759353818	0.1703884093	-1.2454333031
row-175	1.1141862662	-1.1660449668	0.5202855159	-0.4151797548	1.3947302431	0.8911753099
row-176	-1.0637258238	1.0194736238	0.1945758729	-0.1258237096	-1.5123595487	0.2536418801
row-177	-0.2330425295	0.2385894596	-0.2930734182	0.3341255482	-0.4255551046	-0.3441939945
row-178	0.2370385707	-0.2385322597	-0.1600888734	0.2132457323	0.2041653015	-0.1204333593
row-179	-0.2000368541	0.1560871968	0.2852059640	-0.2046549323	-0.3608877855	0.4535012900
row-180	-0.1052371127	0.0067507307	0.9287396247	-0.8038531977	-0.2117237751	1.3462724652
row-181	-1.1113979260	1.1134562961	-0.3483108028	0.3798725259	-1.5952525158	-0.4966863369
row-182	0.1939035570	-0.1919625229	-0.2046695878	0.2545162303	0.1452177021	-0.1854677884
row-183	-1.1637875500	1.1227822837	0.1459704374	-0.0811737819	-1.6471318906	0.1781130410
row-184	0.4465487890	-0.3971508286	-0.7281312459	0.7440689075	0.4622738051	-0.8829168896
row-185	-0.8869986665	0.8076797600	0.6209824063	-0.5221093716	-1.2620843199	0.8551240319
row-186	-1.0300051682	1.0185052874	-0.1820204157	0.2254101820	-1.4810685908	-0.2610325078
row-187	-0.3903528716	0.3286678425	0.4703784797	-0.3784917167	-0.6072427592	0.6914213538
row-188	-0.2094996375	0.2005365454	-0.1220381390	0.1748627215	-0.3881079303	-0.1070616282
row-189	0.8412810894	-0.9088171784	0.6725614669	-0.5588942143	1.0373961945	1.0766808246
row-190	-0.2038271347	0.1324866226	0.6028152315	-0.5007133423	-0.3545089441	0.8897099708
row-191	0.5873893534	-0.5516449180	-0.5542548170	0.5829242080	0.6557621159	-0.6316540036
row-192	-0.3055237528	0.2311763659	0.6266416366	-0.5235855447	-0.4888509034	0.9135927903
row-193	0.4333333498	-0.4676854701	0.2428112963	-0.1610025544	0.4796092747	0.4504462124
row-194	0.4346906091	-0.4354132912	-0.1474964466	0.2027999330	0.4673824612	-0.0858952267
row-195	-0.4636485444	0.4176496342	0.2802650010	-0.2017717193	-0.7115185971	0.4237296662
row-196	-1.2817300303	1.2566508290	-0.0517954813	0.1023871496	-1.8110376148	-0.1039886790
row-197	0.2998769580	-0.3200106542	0.0631809694	0.0055534119	0.2957308544	0.1919185819
row-198	0.1094603464	-0.0821367793	-0.5085786887	0.5372287387	0.0220311523	-0.6105380355
row-199	-0.0126634542	-0.0470030771	0.4881110879	-0.3925523825	-0.1044937907	0.7487192879
row-200	1.0935746131	-1.0701460345	-0.3560865726	0.4015245663	1.3358237533	-0.3151540176
row-201	1.0636406871	-1.1215586025	0.5851267201	-0.4759464107	1.3298644330	0.9758901759
row-202	-0.5920036435	0.4635596137	1.2235059369	-1.0817755579	-0.8482490482	1.7089808382
row-203	-0.2509692142	0.2080583828	0.2675929751	-0.1885711443	-0.4292319438	0.4248530017
row-204	0.7952324413	-0.8156850744	0.1208781317	-0.0449882824	0.9563452638	0.3144035357
row-205	0.9074570474	-0.9277107018	0.1308004536	-0.0535034348	1.1058966771	0.3378245483
row-206	0.4703150854	-0.5271063185	0.5073723825	-0.4073500639	0.5382846101	0.8172969701
row-207	0.0863984934	-0.1718173989	0.7979076953	-0.6806569511	0.0383389915	1.1831560346
row-208	-0.9480128684	0.8703003701	0.5956805567	-0.4989248995	-1.3441079846	0.8150288735
row-209	-0.2399929273	0.2924683139	-0.8386953862	0.8426372880	-0.4544097629	-1.0947318050
row-210	-0.4260803593	0.4334220711	-0.3349530641	0.3718991903	-0.6836908466	-0.4185837953
row-211	0.5171977728	-0.5621763073	0.3753309116	-0.2839720731	0.5958650774	0.6398991621
row-212	0.0722328330	-0.2170104368	1.4855497238	-1.3216790860	0.0442268234	2.1270529790
row-213	0.8664837694	-0.8575809619	-0.2121877146	0.2659174254	1.0390954876	-0.1371685349
row-214	0.1018516754	-0.2113601188	1.0792844674	-0.9428184748	0.0689981381	1.5712424030
row-215	0.1685358207	-0.1440593999	-0.4690825301	0.5008015306	0.1019876870	-0.5511024722
row-216	1.5742683703	-1.5880835110	0.1287288363	-0.0472164473	1.9923009268	0.3931068683
row-217	-0.2681814579	0.2487279889	-0.0066356417	0.0669163163	-0.4619726697	0.0464380916
row-218	-0.1356722827	0.1356479163	-0.2177742655	0.2645776602	-0.2934012813	-0.2322105194
row-219	0.3470150697	-0.3290873852	-0.3735938377	0.4129654682	0.3426960150	-0.4042986940
row-220	-0.1688553287	0.2296838095	-0.9279252048	0.9262703294	-0.3630450600	-1.2111725609
row-221	0.8946214561	-0.8666210681	-0.4308537643	0.4699130165	1.0686417241	-0.4352618858
row-222	-0.3109344159	0.2190956828	0.8291357144	-0.7123592779	-0.4887645287	1.1914397628
row-223	1.1341424055	-1.1423843677	0.0160471912	0.0549353605	1.4031336350	0.1998629767
row-224	-0.9441974001	0.7997277286	1.3711827754	-1.2217212996	-1.3111570169	1.8812530600
row-225	-1.0875581775	1.0577152644	0.0246786337	0.0323764946	-1.5501506306	0.0180484627
row-226	1.3169450711	-1.3680753461	0.5339289761	-0.4265718282	1.6647742731	0.9276032242
row-227	-0.1642994911	0.1219567680	0.2704440037	-0.1906623090	-0.3139081552	0.4363270905
row-228	0.3459196649	-0.3675187312	0.0852133885	-0.0146815312	0.3577334372	0.2262149120
row-229	0.6204344475	-0.7372072088	1.2201529937	-1.0707298546	0.7634815250	1.8100673636
row-230	-0.5578901783	0.6353764162	-1.1637357373	1.1435204806	-0.8887166771	-1.5691974589
row-231	0.9643263691	-0.9274983695	-0.5257491462	0.5588173927	1.1578981007	-0.5596145891
row-232	-0.9121568994	0.8935356338	-0.0864917933	0.1371408163	-1.3209634481	-0.1194593882
row-233	-0.0179238022	-0.0609077456	0.7100537529	-0.5994525527	-0.1035084243	1.0533105388
row-234	-0.5782195781	0.5676759179	-0.1438776647	0.1928099116	-0.8790802503	-0.1692224093
row-235	0.7305730518	-0.8051500889	0.7422433611	-0.6245657508	0.8927226485	1.1628042961
row-236	-0.7168445505	0.6428517514	0.5776903958	-0.4806466740	-1.0374327053	0.8104544690
row-237	0.0914704035	-0.1039382171	-0.0485404865	0.1083240177	0.0146527275	0.0201946984
row-238	0.7508511920	-0.7609703043	-0.0039371379	0.0710581899	0.8928565256	0.1389818175
row-239	-1.0220738711	1.0885156235	-1.0860997652	1.0681260365	-1.5030252868	-1.5029559229
row-240	0.8865347607	-0.9809999782	0.9901556730	-0.8546181952	1.1089749768	1.5171442390
row-241	0.1088808175	-0.1209648601	-0.0510985233	0.1108220212	0.0377066886	0.0181965592
row-242	0.4579148134	-0.4223330444	-0.5664790007	0.5934721646	0.4831953798	-0.6597425906
row-243	0.7496201021	-0.6738844845	-1.0008904604	1.0002791100	0.8553803494	-1.2313912712
row-244	0.4018272719	-0.4288399419	0.1541621827	-0.0785813132	0.4345373098	0.3258555866
row-245	0.3867446794	-0.4285789631	0.3246049951	-0.2375442500	0.4206133225	0.5588064360
row-246	1.5781496613	-1.5414713313	-0.4571041834	0.4988455146	1.9764006872	-0.4117548954
row-247	1.1507563744	-1.1802289150	0.2643564473	-0.1763973843	1.4341472202	0.5426007815
row-248	-0.3626870481	0.2792446236	0.7260090234	-0.6165762056	-0.5612733178	1.0451853781
row-249	0.6708892535	-0.5422571039	-1.6236290897	1.5801999518	0.7283263628	-2.0941798322
row-250	-0.0052135729	-0.0157402766	0.0394482804	0.0256808340	-0.1107187014	0.1327026667
row-251	1.0662285847	-1.0598097102	-0.1615755883	0.2200483266	1.3064616191	-0.0501916623
row-252	-0.2464544268	0.1497055657	0.8931732846	-0.7716254607	-0.4007408313	1.2850774915
row-253	0.9670245811	-1.0108707751	0.4112153094	-0.3144801994	1.1951681695	0.7284345017
row-254	0.8693238115	-0.7664731674	-1.3026625594	1.2823334224	1.0036695846	-1.6357276837
row-255	0.0004748691	-0.0821155458	0.7446747051	-0.6316014642	-0.0778040953	1.1024993349
row-256	-0.0300657482	0.0561708482	-0.5096400892	0.5373065507	-0.1634971268	-0.6241601487
row-257	0.6662949714	-0.7376189033	0.6974667158	-0.5832507536	0.8056597866	1.0956574101
row-258	-0.1590834956	0.0462190853	1.0898068922	-0.9543307163	-0.2775185354	1.5629578105
row-259	-0.3573434846	0.2975381250	0.4521525657	-0.3612882718	-0.5640143068	0.6692482988
row-260	0.5847529114	-0.5906623596	-0.0709184218	0.1324042713	0.6696326380	0.0324394587
row-261	0.9044433445	-0.8402371929	-0.8501513667	0.8607913409	1.0666258813	-1.0107106234
row-262	1.5603405938	-1.5527701125	-0.1210877616	0.1855387918	1.9648042578	0.0485314631
row-263	0.6446899986	-0.6638196912	0.0891088444	-0.0163605779	0.7550676058	0.2576145102
row-264	-0.3087423167	0.3786065598	-1.0480830083	1.0373518103	-0.5533345243	-1.3885185773
row-265	-0.2459177267	0.1365375668	1.0398878907	-0.9083700432	-0.3947530751	1.4867766508
row-266	1.4355034480	-1.4099627476	-0.3433389209	0.3918766080	1.7908523398	-0.2678251227
row-267	-1.1363213344	1.0943708646	0.1599385917	-0.0940136317	-1.6101153481	0.1997059998
row-268	-0.4589183332	0.3959504541	0.4777993626	-0.3858564088	-0.6981289409	0.6956437770
row-269	-0.7105273813	0.5351097735	1.7559750116	-1.5788475863	-0.9866762562	2.4305023311
row-270	-0.8313345261	0.7006259334	1.2237114644	-1.0835306075	-1.1664152235	1.6883995185
row-271	-0.9999235586	1.0283290078	-0.6420636288	0.6543985652	-1.4576153263	-0.8907180310
row-272	-0.8631132317	0.8438575015	-0.0737795228	0.1256124963	-1.2553063497	-0.0977115564
row-273	-0.3902048593	0.3386649653	0.3526041926	-0.2687170260	-0.6112798614	0.5295590012
row-274	1.1433983759	-1.1245999106	-0.2968976628	0.3466819227	1.4041887247	-0.2294582109
row-275	0.3427995234	-0.3124877922	-0.5178387127	0.5473840587	0.3319062762	-0.6029240288
row-276	0.6676647664	-0.6738694439	-0.0584531957	0.1213274652	0.7803062268	0.0568002184
row-277	0.3645876250	-0.3573685780	-0.2473454317	0.2954080804	0.3705960013	-0.2292442601
row-278	0.5385851090	-0.5380905724	-0.1503044227	0.2060958742	0.6054019425	-0.0806975958
row-279	0.7338793659	-0.6509770442	-1.0858154641	1.0793322157	0.8314011749	-1.3494889291
row-280	0.3872347375	-0.3877648559	-0.1549049413	0.2093951425	0.4040268916	-0.1002148494
row-281	-0.3633223222	0.2910256685	0.5965314440	-0.4958983598	-0.5667724665	0.8671691136
row-282	0.2222871185	-0.2355420850	-0.0251420981	0.0873697030	0.1894054929	0.0637587128
row-283	-0.2720061349	0.2125876872	0.4569621501	-0.3652136490	-0.4503914065	0.6832981805
row-284	0.0691335211	-0.0582293404	-0.3223365244	0.3633748071	-0.0248852941	-0.3580723955
row-285	0.9326271181	-0.8417159380	-1.1571389147	1.1471089351	1.0930583126	-1.4301937302
row-286	-0.5216408825	0.5596622458	-0.7015763274	0.7129929786	-0.8239115960	-0.9308208871
row-287	1.1458794005	-1.1632750725	0.1236059788	-0.0452401415	1.4226037804	0.3487206848
row-288	-0.3178865208	0.3602280512	-0.7295263832	0.7403754222	-0.5540392908	-0.9514745292
row-289	0.3035831770	-0.2304993685	-1.0187199192	1.0139835515	0.2617646982	-1.2947805553
row-290	-0.4224071972	0.4713437745	-0.8174912238	0.8216818894	-0.6961544266	-1.0814897434
row-291	0.4222791714	-0.4981049724	0.7231378998	-0.6087721493	0.4821808096	1.1096690353
row-292	0.2289040192	-0.2407529889	-0.0407452236	0.1019561139	0.1976412792	0.0428897778
row-293	0.1462038156	-0.1753848187	0.1514745290	-0.0777461543	0.0946072972	0.2998774100
row-294	0.5523028855	-0.6160862959	0.5974920187	-0.4908121496	0.6505213356	0.9483095336
row-295	-0.0741277272	0.0495037951	0.0745481964	-0.0074848957	-0.2010734104	0.1749382304
row-296	-0.6691860678	0.5289325633	1.3522072808	-1.2022382608	-0.9462309574	1.8791464005
row-297	0.0931580428	-0.0569434480	-0.6135852180	0.6349955369	-0.0034164984	-0.7562857673
row-298	-0.6248668940	0.6112008182	-0.1127093506	0.1634541681	-0.9399741023	-0.1304495242
row-299	-0.0697983858	-0.0506129145	1.1871624512	-1.0444895076	-0.1553204258	1.7045519591
row-300	-0.2816710644	0.2688408817	-0.0850059008	0.1398746558	-0.4827234888	-0.0624541324
row-301	-0.6007915849	0.5911114644	-0.1563641858	0.2043007500	-0.9095370234	-0.1883522769
row-302	0.2824886108	-0.2745512990	-0.2646337247	0.3109856262	0.2608296424	-0.2601632402
row-303	-0.2662047871	0.1910146656	0.6407120327	-0.5364432600	-0.4360732884	0.9363595459
row-304	0.1627818363	-0.1377821015	-0.4757856746	0.5070117324	0.0940971981	-0.5608172380
row-305	-0.8702113394	0.8747331924	-0.3506236248	0.3836038416	-1.2746950678	-0.4788396231
row-306	0.8480714837	-0.7985834811	-0.6854103958	0.7068731804	0.9976057420	-0.7891961046
row-307	1.0091579951	-0.9868022302	-0.3528321125	0.3979397151	1.2237147959	-0.3180399815
row-308	-0.1572270585	0.1228877178	0.1782913725	-0.1047235259	-0.3078186537	0.3102841474
row-309	-0.5407072556	0.5269459684	-0.1024304288	0.1544232993	-0.8277202688	-0.1089849615
row-310	0.2469407039	-0.2816167560	0.2262553722	-0.1467889489	0.2312182008	0.4114419818
row-311	-0.0300155643	-0.0275677404	0.4620323239	-0.3683585402	-0.1284997067	0.7113625650
row-312	0.1093796900	-0.2091506738	0.9670479357	-0.8381571410	0.0749713065	1.4176347925
row-313	0.9896341909	-0.9952063658	-0.0307019686	0.0975647549	1.2093395463	0.1230108536
row-314	0.3486103248	-0.3139762257	-0.5673903234	0.5936075233	0.3378499941	-0.6705238429
row-315	1.0939495312	-1.0642323499	-0.4290597334	0.4695430128	1.3336988646	-0.4154195344
row-316	-0.5647199564	0.5568082457	-0.1729645299	0.2200090569	-0.8621790988	-0.2080241093
row-317	0.5390860095	-0.4580022485	-1.0859336343	1.0781698262	0.5724328694	-1.3666325716
row-318	-1.1720428468	1.0730085328	0.8188187486	-0.7083685456	-1.6339184664	1.1021919516
row-319	0.2807906858	-0.2753767333	-0.2355212557	0.2838397137	0.2596189364	-0.2202975291
row-320	0.3798962031	-0.4073627112	0.1570409807	-0.0814078204	0.4054849875	0.3279005063
row-321	-0.6055120909	0.6317858223	-0.5743220916	0.5938353837	-0.9308377951	-0.7632274057
row-322	0.1345483226	-0.1384137457	-0.1437232939	0.1973223473	0.0685000571	-0.1068742814
row-323	-0.2472210497	0.2494956914	-0.2566258768	0.3000613121	-0.4430941946	-0.2953345722
row-324	0.2621682968	-0.2754349354	-0.0206594990	0.0834521458	0.2425858577	0.0733965004
row-325	-0.2256141376	0.2381682287	-0.3736205880	0.4092495697	-0.4185751749	-0.4542547421
row-326	0.1713466612	-0.0978608804	-1.0378009148	1.0309044844	0.0852796137	-1.3325342868
row-327	-0.1772389794	0.1170777462	0.4759159786	-0.3822608306	-0.3237237709	0.7176107137
row-328	0.1919218289	-0.2123444761	0.0547686510	0.0126890287	0.1519096934	0.1709451926
row-329	-0.2085806356	0.2247491243	-0.4137290032	0.4467446424	-0.3973721925	-0.5078969798
row-330	0.5456419361	-0.5050092387	-0.6155606445	0.6397927248	0.5980579764	-0.7195553546
row-331	-0.9182335985	0.8874303333	0.0542853452	0.0058871579	-1.3239811870	0.0735024723
row-332	0.2792986413	-0.2889307927	-0.0609906101	0.1211554189	0.2639095798	0.0194566201
row-333	-0.1218058700	0.1436457798	-0.4701187062	0.4998705942	-0.2840384055	-0.5778373519
row-334	0.4182810607	-0.4387803550	0.0803318978	-0.0096589293	0.4537573351	0.2258136776
row-335	-0.7139558812	0.6878258966	0.0222924989	0.0370411789	-1.0535584518	0.0473378273
row-336	-0.5200747448	0.4957713879	0.0222175740	0.0383775870	-0.7958098201	0.0641365463
row-337	1.3901370409	-1.4042912322	0.1125949362	-0.0333814245	1.7469312854	0.3548798216
row-338	0.4587276665	-0.3999569881	-0.8356259857	0.8443409484	0.4746004314	-1.0296016869
row-339	0.1933982174	-0.1564646586	-0.6110065150	0.6332468505	0.1299384606	-0.7440029654
row-340	0.8396810686	-0.9140412850	0.7516188157	-0.6325915452	1.0381111163	1.1852019746
row-341	-0.2596304203	0.2068970002	0.3806943816	-0.2940460039	-0.4366805191	0.5795505558
row-342	-0.2080087632	0.2481243955	-0.6917057591	0.7058418048	-0.4066049298	-0.8899131913
row-343	-1.3074284231	1.2581396273	0.2264896581	-0.1571615923	-1.8351977319	0.2762609725
row-344	0.1284384477	-0.1356117010	-0.1059836062	0.1621064523	0.0617341147	-0.0555354755
row-345	-0.6878995952	0.6270664989	0.4280542605	-0.3409864300	-1.0043317019	0.6073098847
row-346	0.8021976867	-0.7968567574	-0.1778396461	0.2334827030	0.9548664458	-0.0955628956
row-347	-0.4847854379	0.4961792856	-0.3883994190	0.4213313592	-0.7636564628	-0.4971609624
row-348	-0.2310359737	0.2837634890	-0.8406464207	0.8445142994	-0.4425722614	-1.0966325831
row-349	0.1059146864	-0.1247986903	0.0275293367	0.0375160790	0.0365900232	0.1260083053
row-350	-0.6138328849	0.6596848505	-0.8025427890	0.8064983893	-0.9501040234	-1.0776314627
row-351	0.9445027070	-0.9605675258	0.0862038469	-0.0116943254	1.1535430684	0.2797580725
row-352	-0.0394734825	0.0849669519	-0.7357748339	0.7480182044	-0.1841333775	-0.9357919158
row-353	0.3900431584	-0.4342417123	0.3524149683	-0.2634435068	0.4259981604	0.5973174918
row-354	0.8658027965	-0.8656341696	-0.1108534534	0.1714624862	1.0418330529	0.0020513090
row-355	-1.1902045849	1.1545284915	0.0812164245	-0.0209911703	-1.6845793247	0.0868087552
row-356	1.1482635054	-1.0732420486	-0.9491462310	0.9546541641	1.3872088529	-1.1255192767
row-357	0.2501460062	-0.1562649977	-1.2660111790	1.2441268979	0.1818338538	-1.6393292556
row-358	-0.1008368291	-0.0000299227	0.9568566206	-0.8300314230	-0.2048631284	1.3853015598
row-359	-0.1342289116	0.1745979590	-0.6866059807	0.7015704450	-0.3083364777	-0.8764719832
row-360	0.0818431251	-0.1129583297	0.1669162717	-0.0925593699	0.0095994052	0.3154906836
row-361	0.4249266047	-0.4245326662	-0.1615252916	0.2158119944	0.4538975809	-0.1060284014
row-362	0.7014485636	-0.7220450796	0.1123261739	-0.0376299351	0.8313587642	0.2944736057
row-363	1.0160314322	-0.9771463427	-0.5439971632	0.5761635729	1.2259803441	-0.5801882174
row-364	0.5742632504	-0.6671525155	0.9378201878	-0.8078779142	0.6919505709	1.4179891107
row-365	-0.2772630731	0.2743954006	-0.2001954743	0.2472680452	-0.4810043308	-0.2203925509
row-366	0.3789393182	-0.3734452920	-0.2257526756	0.2753759046	0.3904518065	-0.1983149085
row-367	-0.8526789455	0.8188280852	0.0968150550	-0.0333252015	-1.2353019868	0.1376723362
row-368	0.0466527263	-0.1155103222	0.6012897530	-0.4976551744	-0.0215684376	0.9094489980
row-369	-0.6212241946	0.7179663627	-1.3942107981	1.3579253212	-0.9812001547	-1.8914958423
row-370	-0.9377833308	0.8953102535	0.1876471414	-0.1185429078	-1.3451769497	0.2550977717
row-371	-0.2319817264	0.2543780776	-0.4885885409	0.5163659995	-0.4311734253	-0.6128279207
row-372	0.4433308888	-0.3165902247	-1.6264719747	1.5813631386	0.4257013338	-2.1179247763
row-373	-0.7767316610	0.7931210177	-0.4782223049	0.5031452517	-1.1550074665	-0.6460689030
row-374	-0.3713452237	0.3440879868	0.0727253283	-0.0077274989	-0.5962686837	0.1465226767
row-375	0.5342391424	-0.4709544871	-0.8798048511	0.8860119810	0.5733994355	-1.0837407171
row-376	0.4253265336	-0.3720726821	-0.7752134366	0.7878141033	0.4323677499	-0.9494792235
row-377	-1.0946873226	1.0504006786	0.1916009588	-0.1232531485	-1.5536276276	0.2468539132
row-378	-1.0556442889	0.9789790332	0.5717896030	-0.4773600168	-1.4880552401	0.7728090425
row-379	-0.1575773960	0.2320784123	-1.0854413196	1.0731598416	-0.3537143975	-1.4266879419
row-380	-0.3473830354	0.3426140236	-0.1857630431	0.2333579535	-0.5737050533	-0.2066685966
row-381	1.1365887619	-1.0830683453	-0.7007802615	0.7230837560	1.3806166248	-0.7851696069
row-382	0.9648497872	-0.8531501869	-1.3949912473	1.3690141455	1.1273455170	-1.7543016199
row-383	0.1325646396	-0.2088656931	0.6970767236	-0.5863739700	0.0960888555	1.0485931350
row-384	-0.3442989143	0.3557854270	-0.3741621671	0.4089790231	-0.5763777016	-0.4653455311
row-385	0.4174164806	-0.4911321036	0.6981075734	-0.5854739327	0.4748163878	1.0748421131
row-386	0.3242974460	-0.3683930298	0.3440530972	-0.2560791677	0.3382932617	0.5800930702
row-387	0.0311316762	-0.0744484404	0.3030552885	-0.2197815671	-0.0529238282	0.4981866026
row-388	-0.2670696749	0.2813194056	-0.3978265521	0.4315403728	-0.4745575757	-0.4911386193
row-389	0.9380907305	-0.8737903468	-0.8475778606	0.8586124658	1.1114502279	-1.0042402293
row-390	-0.9631051473	0.8473983323	1.0351697364	-0.9086575907	-1.3483728870	1.4177705415
row-391	-0.7053533872	0.6394600009	0.4849044457	-0.3940887277	-1.0254915796	0.6839262641
row-392	0.5490138099	-0.5512694437	-0.1172367435	0.1753426542	0.6204549182	-0.0343384876
row-393	-0.3918321343	0.3574903965	0.1527470665	-0.0824470898	-0.6206278836	0.2547228593
row-394	0.1897490779	-0.2036246713	-0.0214829614	0.0837465741	0.1462800006	0.0659515028
row-395	0.5490099041	-0.4914947297	-0.8112080802	0.8221715731	0.5955021125	-0.9881700105
row-396	0.9541004236	-0.9183104587	-0.5148116474	0.5485560894	1.1446966187	-0.5454729607
row-397	-0.4915289654	0.5230192787	-0.6224651351	0.6394526274	-0.7810359491	-0.8194612254
row-398	-0.2593501481	0.3215320625	-0.9535032954	0.9495196883	-0.4842710614	-1.2542173897
row-399	0.2690086236	-0.3426763833	0.6813752820	-0.5708477965	0.2769170771	1.0389068199
row-400	0.1075934935	-0.0384564948	-0.9942583839	0.9899033732	0.0020895771	-1.2782448315
row-401	0.7439583417	-0.6494936359	-1.2189622845	1.2035000394	0.8400139616	-1.5316143731
row-402	-1.0691560207	1.0975298171	-0.6492425149	0.6606375031	-1.5499130862	-0.9066204544
row-403	-0.9475052453	0.9815381989	-0.7016883143	0.7103153014	-1.3900723191	-0.9680997790
row-404	1.2971058761	-1.2956603765	-0.0786662532	0.1442793914	1.6163772408	0.0838902065
row-405	-0.7242532520	0.6156318533	0.9789393236	-0.8546866295	-1.0328575331	1.3613065176
row-406	-0.9760367005	0.9152238987	0.3964114613	-0.3133754898	-1.3885272326	0.5386998172
row-407	-0.9949606212	0.9601912332	0.0919708368	-0.0297395451	-1.4246296057	0.1186106975
row-408	-0.8839685556	0.8777905548	-0.2278921726	0.2691198274	-1.2885722389	-0.3113502689
row-409	-0.6060787957	0.6312271112	-0.5613171848	0.5817102153	-0.9311236753	-0.7454021717
row-410	0.2293207698	-0.2045869083	-0.4654459474	0.4978090774	0.1829277305	-0.5408051961
row-411	0.3962546205	-0.3033699650	-1.2385170376	1.2194549579	0.3770633615	-1.5888027400
row-412	0.0267904005	-0.0972178911	0.6173520563	-0.5127560994	-0.0473965772	0.9297943739
row-413	-0.4174446788	0.4478984405	-0.6023549749	0.6211925496	-0.6818231630	-0.7853624092
row-414	0.7496556585	-0.6844738074	-0.8783517361	0.8860648358	0.8598327704	-1.0629644195
row-415	-0.3762245455	0.3021261083	0.6160447575	-0.5141703948	-0.5832235791	0.8928644927
row-416	0.1891457330	-0.2495258247	0.5183932629	-0.4194590845	0.1648859356	0.8079335550
row-417	-0.1526770576	0.1433242980	-0.1113201869	0.1652440605	-0.3121810093	-0.0873767625
row-418	-0.6488325878	0.6839366338	-0.6815687145	0.6935136004	-0.9922847615	-0.9144093681
row-419	1.3048165728	-1.2015902101	-1.2595558016	1.2449999202	1.5841762071	-1.5385151266
row-420	-0.2069092540	0.1982427764	-0.1251996381	0.1778263780	-0.3847778506	-0.1111811428
row-421	-0.1146971823	0.0320000388	0.7443870042	-0.6320856951	-0.2309275742	1.0920637136
row-422	0.8975237964	-0.9112049380	0.0534073471	0.0185673642	1.0899089101	0.2305854020
row-423	-0.3940490361	0.4360948949	-0.7343952508	0.7444159921	-0.6554670256	-0.9648060714
row-424	-0.1843953955	0.1707294457	-0.0646990758	0.1215827760	-0.3526723222	-0.0260632877
row-425	-0.6416512180	0.6213512000	-0.0375152521	0.0932584569	-0.9595845231	-0.0285619317
row-426	-1.4608392200	1.4087393010	0.2424063981	-0.1729992782	-2.0385743972	0.2847641134
row-427	0.2587124431	-0.2255897438	-0.5596411066	0.5857974425	0.2186156646	-0.6677098059
row-428	-1.1191835167	1.0685561434	0.2625500976	-0.1895426453	-1.5836430391	0.3422347202
row-429	-0.6000781310	0.5768909680	0.0005375365	0.0580622304	-0.9029480681	0.0273640063
row-430	-0.5019734862	0.3986025510	0.9422073145	-0.8189977809	-0.7386727099	1.3301974538
row-431	-1.1099249795	1.0290498587	0.6147517406	-0.5177582806	-1.5586731496	0.8271265432
row-432	1.4507873806	-1.4472326544	-0.0864040927	0.1524955489	1.8204078166	0.0866521813
row-433	-1.0669532434	1.0532099247	-0.1600002768	0.2046445285	-1.5293968530	-0.2339878252
row-434	1.0715624273	-1.0340737930	-0.5217306524	0.5557724247	1.3006053536	-0.5447429920
row-435	0.3668054362	-0.4351327717	0.6300300422	-0.5223516267	0.4050852435	0.9768606799
row-436	1.0675792170	-1.0636876156	-0.1320853823	0.1925702527	1.3093173348	-0.0095410097
row-437	-0.6134128110	0.6391358594	-0.5687895528	0.5886270644	-0.9411423570	-0.7563119395
row-438	-0.4948625785	0.4624922089	0.1186280328	-0.0513188773	-0.7588261546	0.1988461031
row-439	-0.4149049313	0.4282449174	-0.4033780918	0.4357490213	-0.6712937167	-0.5116565749
row-440	0.2228155583	-0.1944959594	-0.5077873413	0.5372316675	0.1727573765	-0.5995685596
row-441	-0.0608769427	0.0466217151	-0.0443936383	0.1034636264	-0.1877332714	0.0126133799
row-442	-0.8835469666	0.7451347807	1.3074630874	-1.1619339616	-1.2328171968	1.7989605622
row-443	-0.7022846380	0.7338450278	-0.6462512941	0.6602461514	-1.0620758724	-0.8705269369
row-444	-0.1242929786	0.1906636049	-0.9874151331	0.9820101418	-0.3059411586	-1.2890539397
row-445	0.0689858970	-0.0890525413	0.0372351552	0.0282283438	-0.0121552881	0.1361292110
row-446	-0.2982114119	0.3087198572	-0.3577827106	0.3940133219	-0.5145187849	-0.4388150287
row-447	0.5995766664	-0.5221455081	-1.0369314433	1.0328915880	0.6546125227	-1.2940080414
row-448	0.2522895626	-0.3767550496	1.2693415559	-1.1189819635	0.2758270935	1.8455815019
row-449	-0.8257670952	0.8605322734	-0.6969202777	0.7066664463	-1.2280586103	-0.9509337421
row-450	-0.0124746386	0.0762070145	-0.9445953555	0.9428296474	-0.1557472150	-1.2204523275
row-451	-0.0899193162	0.0015915313	0.8124625552	-0.6953749167	-0.1955398934	1.1877904030
row-452	-0.0558108434	0.0742304396	-0.4232135341	0.4565828802	-0.1946164659	-0.5076152297
row-453	-0.6738766951	0.6317462309	0.2124352499	-0.1399230966	-0.9934405427	0.3121740819
row-454	-0.2484589311	0.1960088751	0.3786220748	-0.2920414913	-0.4219033079	0.5776761479
row-455	0.4108411132	-0.4011738068	-0.2707293609	0.3175056699	0.4312461284	-0.2573522039
row-456	0.5116650142	-0.6409707421	1.3538114578	-1.1960192834	0.6236851142	1.9842926404
row-457	-0.3054111914	0.2065084985	0.9117540850	-0.7893291914	-0.4784517382	1.3054763438
row-458	-0.5763586755	0.4571563288	1.1179103887	-0.9832510509	-0.8312462245	1.5652085493
row-459	0.5254982920	-0.6155283666	0.8993080447	-0.7723005202	0.6257365157	1.3608048558
row-460	-0.2199541813	0.1871413087	0.1537309592	-0.0822413133	-0.3920928722	0.2710587336
row-461	-0.0038316507	-0.0134908590	-0.0025628778	0.0648471463	-0.1103917945	0.0750807622
row-462	0.9486758980	-0.9519082559	-0.0623329765	0.1267794571	1.1537512738	0.0759649482
row-463	-1.1161579011	1.0924685884	-0.0498853370	0.1016884018	-1.5908524544	-0.0869294291
row-464	-0.7793420086	0.6703926820	0.9767420232	-0.8529984746	-1.1061731486	1.3534840367
row-465	-0.4997441441	0.4770813345	0.0053859979	0.0541985862	-0.7693867967	0.0427746630
row-466	0.1641495280	-0.1264741749	-0.6228072728	0.6440548934	0.0906301605	-0.7627723271
row-467	-0.9757656262	0.9536487537	-0.0528393370	0.1053588774	-1.4043169995	-0.0787507866
row-468	-0.7521961204	0.6383193767	1.0369108823	-0.9089026467	-1.0679215872	1.4385497812
row-469	-0.0147352347	0.0612681951	-0.7451473903	0.7569156789	-0.1515825527	-0.9465174856
row-470	-0.2539236802	0.2079511179	0.3028192618	-0.2214237635	-0.4318933467	0.4730123300
row-471	-0.6934381071	0.6205068103	0.5679171088	-0.4713843913	-1.0066668266	0.7990620128
row-472	0.1771375172	-0.1917609849	-0.0141744121	0.0768521163	0.1297765536	0.0748973422
row-473	-0.1893090193	0.1509436472	0.2215387822	-0.1452426645	-0.3489146591	0.3669289281
row-474	-0.2593316637	0.2067279455	0.3792210391	-0.2926707957	-0.4363363085	0.5775515595
row-475	0.2278140767	-0.1993125048	-0.5093553017	0.5387257683	0.1793461883	-0.6012878992
row-476	-0.4817546330	0.5265905898	-0.7763497526	0.7829475120	-0.7735736685	-1.0301163601
row-477	0.9733124285	-0.9213601052	-0.7003711096	0.7216357583	1.1635669398	-0.7988409553
row-478	0.3413752618	-0.3367289877	-0.2200043333	0.2697726591	0.3407196847	-0.1936887489
row-479	-0.6155866201	0.5581502887	0.3964981827	-0.3111015973	-0.9093311022	0.5702414552
row-480	0.0954914158	-0.1091456416	-0.0343273158	0.0951026347	0.0205093305	0.0400805716
row-481	-0.1585126973	0.1802990893	-0.4734984081	0.5027809127	-0.3329590460	-0.5856825332
row-482	-0.8621443240	0.8428494446	-0.0732193690	0.1250967240	-1.2539981180	-0.0968571860
row-483	0.1441655379	-0.0924335604	-0.7881904382	0.7980728113	0.0581174838	-0.9918258777
row-484	0.0911506518	-0.1362418121	0.3301990874	-0.2446893640	0.0278429696	0.5407266748
row-485	-0.0489595998	0.0480202223	-0.1976987498	0.2464323714	-0.1774011766	-0.1970584329
row-486	-0.1394520205	0.0908460993	0.3458714625	-0.2608035588	-0.2781636460	0.5421647014
row-487	-0.0579981641	-0.0518886483	1.0662537761	-0.9317172314	-0.1439794141	1.5393973248
row-488	0.2808247908	-0.2790778397	-0.1929416980	0.2441528645	0.2611949713	-0.1617709430
row-489	-0.1424387097	0.0817758809	0.4855330284	-0.3909972407	-0.2771135379	0.7338626330
row-490	-0.0877089270	-0.0238236343	1.0821233009	-0.9467028108	-0.1829072878	1.5586191924
row-491	0.0340805610	0.0187993270	-0.8135176394	0.8209603467	-0.0891432338	-1.0362336538
row-492	0.1838210604	-0.1426870872	-0.6608194818	0.6796133915	0.1154155754	-0.8133034554
row-493	-0.2926701575	0.1715171562	1.1714807977	-1.0313290906	-0.4521765008	1.6635692839
row-494	-0.0833150849	0.1528716667	-1.0199391511	1.0125924578	-0.2526331406	-1.3301844116
row-495	0.1126466380	-0.0782402037	-0.5904672398	0.6135753072	0.0233232867	-0.7228122567
row-496	-0.2640319786	0.2069659479	0.4305185251	-0.3405142814	-0.4407409502	0.6476478049
row-497	-0.4792836009	0.4575969415	-0.0037174107	0.0628172514	-0.7425132035	0.0320461129
row-498	0.2297649227	-0.1871722611	-0.6727477139	0.6910314618	0.1760658981	-0.8256930705
row-499	0.9596772966	-0.9592732809	-0.1033540483	0.1650857823	1.1669021902	0.0205424546
row-500	-0.5217454350	0.5005032309	-0.0135061462	0.0716636334	-0.7993151191	0.0148903184
row-501	0.1020325085	-0.0963199254	-0.2584732960	0.3040648127	0.0211474168	-0.2674273834
row-502	-1.0679377924	1.0932643230	-0.6137293490	0.6275447520	-1.5470168726	-0.8577030671
row-503	1.0403575971	-1.0410372433	-0.0819779413	0.1456888451	1.2749294221	0.0569562668
row-504	0.3079070097	-0.2716251135	-0.5909588186	0.6153090757	0.2828905364	-0.7064659734
row-505	-0.5229609761	0.5296129681	-0.3375051124	0.3736449798	-0.8125785518	-0.4305370901
row-506	-0.1043393183	0.1954262712	-1.2722098829	1.2475887589	-0.2896522735	-1.6787515470
row-507	-0.3752129149	0.3455264959	0.1005078443	-0.0336479783	-0.6004117518	0.1843712789
row-508	0.7239642564	-0.6727487072	-0.7189959166	0.7373664333	0.8314065504	-0.8461769529
row-509	0.3881771059	-0.4972950369	1.1059601054	-0.9658115148	0.4506066098	1.6328674057
row-510	-1.0100348218	0.9896036798	-0.0761469347	0.1268592878	-1.4507133692	-0.1137734277
row-511	-0.7376624125	0.6444002349	0.7991489785	-0.6871972792	-1.0571473611	1.1130241361
row-512	-0.0076044741	-0.0220287202	0.1399594849	-0.0680181303	-0.1102839535	0.2706421936
row-513	0.1277056748	-0.0840838860	-0.6958209660	0.7118705918	0.0395558494	-0.8663032514
row-514	-0.0139213118	-0.0052457047	0.0177530468	0.0458453964	-0.1230749504	0.1021244794
row-515	0.7280251902	-0.8204846991	0.9495906609	-0.8178443184	0.8967893852	1.4475713619
row-516	-0.5362018986	0.4364303991	0.8966850254	-0.7767914861	-0.7858134583	1.2646453124
row-517	0.1757268126	-0.1650053271	-0.3085965832	0.3512645835	0.1173169226	-0.3298951566
row-518	-0.2665710387	0.1990057438	0.5521438138	-0.4538939901	-0.4397441379	0.8145947384
row-519	-0.1161724887	0.1400502688	-0.4931654218	0.5213885172	-0.2773777292	-0.6090228926
row-520	-0.1804045354	0.1562791242	0.0571758485	0.0080130480	-0.3429854665	0.1417960077
row-521	-0.2348601317	0.2961996425	-0.9410531099	0.9380752470	-0.4512657359	-1.2349702599
row-522	-0.9372691466	0.9108599654	0.0011927996	0.0552487025	-1.3511962351	-0.0011301863
row-523	0.8960112483	-0.8157540980	-1.0374311128	1.0352938412	1.0486834730	-1.2688529583
row-524	-0.1113986588	0.0904775680	0.0274936764	0.0361296675	-0.2523140563	0.1070148759
row-525	-0.3308705352	0.3359597959	-0.2984229611	0.3384726057	-0.5558028639	-0.3600749041
row-526	-0.2870848012	0.2913994405	-0.2846565146	0.3259273725	-0.4970979216	-0.3373365199
row-527	0.9191711969	-0.9315001941	0.0400678141	0.0311421416	1.1182080619	0.2141379618
row-528	-0.5267327370	0.4608197268	0.5046020801	-0.4112813953	-0.7873198855	0.7265711004
row-529	1.2216249766	-1.3106084093	0.9630343280	-0.8271501855	1.5534788478	1.5090789000
row-530	-0.2380720475	0.2909376815	-0.8430169892	0.8466778673	-0.4520114459	-1.1005041925
row-531	0.6325305843	-0.7583260594	1.3262299941	-1.1695218831	0.7833758554	1.9569197328
row-532	-0.8340807713	0.9006721626	-1.0673457574	1.0518741214	-1.2524275032	-1.4607910085
row-533	0.0381020545	-0.1666594286	1.2935039385	-1.1429021925	-0.0080515088	1.8601196486
row-534	0.2284767989	-0.2679192867	0.2795836492	-0.1966151850	0.2085888397	0.4831296056
row-535	0.6587604945	-0.5712405689	-1.1476163210	1.1364441272	0.7293142401	-1.4409798507
row-536	0.8099032654	-0.8987003038	0.9159922039	-0.7859933617	1.0044326906	1.4085296207
row-537	-0.9495311527	0.8615756566	0.7144417212	-0.6096283792	-1.3418570852	0.9781281886
row-538	0.3171640424	-0.3321433269	0.0052198109	0.0596901239	0.3166291676	0.1137606888
row-539	-0.6034347227	0.6079370810	-0.3213184210	0.3580321586	-0.9189808378	-0.4153045842
row-540	-0.6334471959	0.5548494754	0.6402463628	-0.5384083189	-0.9243129642	0.9037049357
row-541	0.7566492325	-0.7597360907	-0.0849533629	0.1466087524	0.8976521558	0.0281342486
row-542	-0.9388080306	0.8910445160	0.2489602430	-0.1756976233	-1.3443350679	0.3392804368
row-543	-0.1394299494	0.1681714298	-0.5521706536	0.5762335107	-0.3104180686	-0.6921503098
row-544	-0.4159376886	0.4078414900	-0.1546051435	0.2038688023	-0.6637235427	-0.1698198105
row-545	-1.1885096897	1.2204470680	-0.7036272425	0.7105480989	-1.7105404682	-0.9917744466
row-546	1.2611601780	-1.2720289872	0.0603913204	0.0144333595	1.5735889532	0.2718847582
row-547	0.4254412272	-0.4164717020	-0.2610363253	0.3085664736	0.4510044077	-0.2427568060
row-548	-1.0282819569	1.0012937097	-0.0020044024	0.0576341523	-1.4723062972	-0.0134586852
row-549	0.0579433412	-0.1319603592	0.6624240762	-0.5545628036	-0.0043606386	0.9944595352
row-550	0.1174731817	-0.0801821944	-0.6234323398	0.6443325748	0.0285547728	-0.7677004899
row-551	0.6566300728	-0.5810313200	-1.0094373738	1.0076379416	0.7314493968	-1.2512450638
row-552	0.0381464410	-0.0258118326	-0.3423221674	0.3818003688	-0.0667989011	-0.3882430448
row-553	0.7340554454	-0.7424477684	-0.0258168304	0.0913418438	0.8697412083	0.1074450234
row-554	1.1357610832	-1.1870288216	0.5157758022	-0.4108354495	1.4232503239	0.8868577162
row-555	0.1546090546	-0.2257999538	0.6401479696	-0.5331684514	0.1233488189	0.9722689566
row-556	1.3470978982	-1.2913759951	-0.7033950313	0.7268961003	1.6603797070	-0.7704122306
row-557	0.6179360900	-0.7103819306	0.9374321685	-0.8072309507	0.7499965883	1.4212630013
row-558	0.0398483679	-0.1012375573	0.5138358953	-0.4161866242	-0.0337582366	0.7886545823
row-559	1.0275955062	-1.0406685749	0.0605252156	0.0127827452	1.2630859742	0.2517076561
row-560	-1.0651664788	1.1035660496	-0.7652122316	0.7687553059	-1.5487782726	-1.0656676217
row-561	-0.9442983207	0.9923715979	-0.8643543910	0.8619522060	-1.3916566301	-1.1913971369
row-562	-0.1614246694	0.1926117655	-0.5829629960	0.6047904030	-0.3407654564	-0.7363903483
row-563	-0.3176007572	0.3769196865	-0.9266118757	0.9240745029	-0.5607444252	-1.2223344199
row-564	1.1762571901	-1.2024351071	0.2288837228	-0.1431677790	1.4667735489	0.4960682271
row-565	-0.4606305256	0.4172463762	0.2502352014	-0.1737621679	-0.7085858964	0.3827182072
row-566	0.8360276474	-0.7895718220	-0.6515179914	0.6752044528	0.9828127091	-0.7436625064
row-567	0.1313520484	-0.1696493195	0.2557003996	-0.1749888459	0.0786097395	0.4418362887
row-568	0.4919419864	-0.5922482171	1.0149620262	-0.8803171878	0.5852834204	1.5168405602
row-569	-1.1774005473	1.2489226451	-1.1620160093	1.1378704825	-1.7122502879	-1.6208399465
row-570	-0.7372691668	0.5773389831	1.5732428947	-1.4087034011	-1.0287966246	2.1770143425
row-571	0.7809067861	-0.7361723918	-0.6375394763	0.6618154270	0.9100359179	-0.7292548832
row-572	-0.1549484575	0.1276232877	0.0971014822	-0.0290340869	-0.3077081138	0.1988910744
row-573	-0.3202724875	0.2149749271	0.9843820103	-0.8571204903	-0.4955978802	1.4040044921
row-574	-0.2072681377	0.2186982804	-0.3585712207	0.3953423753	-0.3936444488	-0.4319707667
row-575	0.7380419345	-0.6808204908	-0.7871930719	0.8010228312	0.8476702095	-0.9386835272
row-576	1.0272473727	-1.0495509009	0.1676578184	-0.0870744722	1.2664744710	0.3989260650
row-577	-1.0328379457	1.0295519401	-0.2776966568	0.3145685035	-1.4882740394	-0.3927819805
row-578	0.4932157789	-0.5327070954	0.3090073328	-0.2223106108	0.5615984344	0.5466498574
row-579	-0.8817125019	0.8543401974	0.0184308920	0.0395445531	-1.2767178931	0.0274059489
row-580	-0.7624400902	0.7733499180	-0.4130442640	0.4424882045	-1.1336647401	-0.5552388548
row-581	-0.0291723682	-0.0345039190	0.5328670045	-0.4343758187	-0.1248322971	0.8087950304
row-582	-0.4251611404	0.3918459238	0.1371957219	-0.0681698981	-0.6654955077	0.2304427874
row-583	0.8269461348	-0.8208572114	-0.1838266553	0.2392246817	0.9875525384	-0.1016342998
row-584	-0.6640426214	0.6203088519	0.2321224002	-0.1582086294	-0.9796590994	0.3400904414
row-585	0.2821844010	-0.3494213335	0.6081461242	-0.5025071186	0.2918008268	0.9394053695
row-586	-0.1855848448	0.2304923413	-0.7448976285	0.7555667695	-0.3787061060	-0.9610681130
row-587	-0.0258947476	0.0500633561	-0.4867017503	0.5159536916	-0.1571274634	-0.5922688641
row-588	-0.1922959262	0.1651329192	0.0911477826	-0.0237288109	-0.3575729747	0.1874522053
row-589	0.9071997580	-0.8691702893	-0.5459256874	0.5772501220	1.0812269644	-0.5923263477
row-590	-0.1879709523	0.2250090447	-0.6537897440	0.6706323765	-0.3786030257	-0.8360525922
row-591	-0.5388878981	0.4522274661	0.7441657734	-0.6346506159	-0.7948672285	1.0547805721
row-592	-0.5190672371	0.5868050434	-1.0463195241	1.0343341261	-0.8328833075	-1.4044299467
row-593	-1.3431298789	1.2955314929	0.2029716144	-0.1354743884	-1.8835057561	0.2408242251
row-594	0.0891151111	-0.0700315706	-0.4151252380	0.4499907949	-0.0016568430	-0.4838642410
row-595	-1.1440994488	1.0256706441	1.0470449649	-0.9209085060	-1.5885651688	1.4183142057
row-596	-0.4756795300	0.4653974246	-0.1357375094	0.1858925942	-0.7424678425	-0.1490951582
row-597	1.2232250937	-1.1782756338	-0.5918234616	0.6220945076	1.4997104242	-0.6278610034
row-598	0.0594573319	-0.1261300918	0.5773183550	-0.4752285363	-0.0054073648	0.8776176802
row-599	-0.2236974151	0.1292929540	0.8684340843	-0.7484181617	-0.3713763369	1.2530584720
row-600	0.1009689906	-0.0506730337	-0.7762259318	0.7866388783	0.0011208272	-0.9791469065
row-601	0.7423666710	-0.6885566765	-0.7471129307	0.7636936394	0.8548604853	-0.8832182342
row-602	0.1596066949	-0.1820945691	0.0752246615	-0.0065884839	0.1096843714	0.1962439330
row-603	1.1953248466	-1.1302643531	-0.8283644204	0.8423846610	1.4541155856	-0.9554077211
row-604	-0.2452050595	0.3185884871	-1.0820170032	1.0693956957	-0.4700861078	-1.4296203711
row-605	0.8783102038	-0.9448066720	0.6645271178	-0.5511637480	1.0863349686	1.0688660215
row-606	-0.5474507653	0.5312683834	-0.0750552774	0.1288637246	-0.8357011796	-0.0719469641
row-607	-0.7022845785	0.6801483795	-0.0228052980	0.0791516682	-1.0396634994	-0.0136295352
row-608	0.5513104366	-0.4910272808	-0.8430950591	0.8519074560	0.5974142019	-1.0317966231
row-609	1.1610657963	-1.1358092254	-0.3699539454	0.4148908117	1.4250500124	-0.3283304909
row-610	0.7235520451	-0.7199739441	-0.1659447067	0.2218820320	0.8507402123	-0.0860698362
row-611	-0.2485644765	0.2489529243	-0.2348725953	0.2797769836	-0.4440981762	-0.2655528170
row-612	0.4356784891	-0.4491238261	0.0003280316	0.0650238210	0.4740099283	0.1173687318
row-613	0.8784894520	-0.9431246935	0.6429368232	-0.5310389398	1.0857971158	1.0392067964
row-614	0.8818365300	-0.8088118128	-0.9550037687	0.9583732962	1.0328023677	-1.1567961138
row-615	-0.9106776831	0.8522752825	0.3755496034	-0.2935038328	-1.3023869830	0.5157238781
row-616	-1.4006371608	1.2895817504	0.9334731204	-0.8167276388	-1.9336968017	1.2398511883
row-617	-0.6786696320	0.6970775524	-0.4909700661	0.5156676533	-1.0250991707	-0.6550414914
row-618	0.2899082861	-0.2865335492	-0.2108510497	0.2609049502	0.2726270148	-0.1855946513
row-619	-0.5575080876	0.5639410277	-0.3387274645	0.3745586089	-0.8585504475	-0.4352288203
row-620	-0.7525210218	0.6418010144	1.0002240791	-0.8747101491	-1.0696723768	1.3880971606
row-621	0.6897706290	-0.7653969534	0.7499786481	-0.6320421207	0.8387567754	1.1698791119
row-622	-0.2201390398	0.2762507426	-0.8787508651	0.8801014451	-0.4294553734	-1.1480554153
row-623	-0.5902361872	0.5695278773	-0.0271704875	0.0839523064	-0.8908599738	-0.0098614012
row-624	0.4430853042	-0.3835300524	-0.8464403304	0.8543184730	0.4534162461	-1.0458291304
row-625	-0.0161240588	-0.0280883137	0.3083028649	-0.2249813776	-0.1155583564	0.5012796052
row-626	0.9589320207	-0.9312564397	-0.4200726802	0.4602844293	1.1545256631	-0.4148374789
row-627	0.0646401324	-0.1065530966	0.2904088716	-0.2077753363	-0.0088313208	0.4837258123
row-628	-0.0179590154	-0.0420842247	0.4919076573	-0.3961256405	-0.1113973835	0.7534758517
row-629	0.9769223608	-0.9867143090	0.0169062470	0.0531075856	1.1941515332	0.1873379607
row-630	-0.5546209902	0.5514283933	-0.2266551595	0.2701183847	-0.8506833613	-0.2809389883
row-631	0.2181081778	-0.1721585823	-0.7129940973	0.7284677047	0.1591222567	-0.8820260279
row-632	-0.4241264843	0.4763505052	-0.8558475985	0.8574214331	-0.6998189731	-1.1343586684
row-633	0.3308917020	-0.4209679156	0.8786314738	-0.7542998485	0.3662774479	1.3154209335
row-634	0.1642920321	-0.1976704719	0.2021806326	-0.1248895596	0.1204771445	0.3711474312
row-635	0.5009547218	-0.5172347131	0.0403550382	0.0281423340	0.5622290184	0.1780744756
row-636	0.0700273019	-0.0458520845	-0.4763229041	0.5069065269	-0.0292327401	-0.5696415648
row-637	-0.4112880243	0.4574677592	-0.7842708177	0.7907908280	-0.6801780266	-1.0348605269
row-638	-0.3726628440	0.2780659522	0.8544309592	-0.7363394383	-0.5699187891	1.2208256837
row-639	0.5995322297	-0.5261597159	-0.9898132631	0.9889739179	0.6562473013	-1.2292501778
row-640	0.1103686098	-0.1305641392	0.0432423279	0.0228995883	0.0430760681	0.1479933511
row-641	-0.9403648238	0.9917727074	-0.9026421927	0.8976647631	-1.3878037331	-1.2436790268
row-642	0.1672472950	-0.2023391073	0.2223959270	-0.1437122964	0.1251326792	0.3991900358
row-643	0.4147823376	-0.3494869786	-0.9161710770	0.9191274221	0.4132826896	-1.1441381116
row-644	1.9111733322	-1.8862135198	-0.2847461139	0.3403715106	2.4253283284	-0.1458252504
row-645	0.9587412679	-0.9626088189	-0.0538609137	0.1189486671	1.1674370374	0.0884868572
row-646	-0.5312973724	0.5987564106	-1.0444159719	1.0324799886	-0.8490739807	-1.4028797724
row-647	-0.1387544601	0.0446465386	0.8742499502	-0.7532840388	-0.2582415818	1.2684570591
row-648	0.2676489377	-0.2284910471	-0.6287388050	0.6502596224	0.2280121082	-0.7619023204
row-649	-0.6053723709	0.6947219514	-1.3066510587	1.2764171866	-0.9569785810	-1.7697671791
row-650	-0.7616352556	0.6296740146	1.2458526537	-1.1037123900	-1.0729589942	1.7249076229
row-651	0.7034743893	-0.6198054219	-1.0980307944	1.0905191150	0.7905407689	-1.3689289013
row-652	0.0395820759	0.0843249959	-1.6375813966	1.5890803010	-0.1114536695	-2.1683911931
row-653	-1.2166904380	1.2690083562	-0.9433278871	0.9337814639	-1.7566218011	-1.3236884576
row-654	0.9191591288	-0.8540474630	-0.8590608364	0.8691917128	1.0858691937	-1.0216734164
row-655	-0.1342405963	0.1210673114	-0.0649522646	0.1221464131	-0.2860041487	-0.0220390104
row-656	-0.0367739469	-0.0439776123	0.7302914273	-0.6184385980	-0.1278408397	1.0794830046
row-657	-0.1511271570	0.0609379932	0.8274024525	-0.7096997811	-0.2763743346	1.2029887650
row-658	-1.0371403403	1.0362268582	-0.3057118822	0.3406525111	-1.4950008911	-0.4316626627
row-659	0.0662253854	-0.1100591328	0.3128829805	-0.2287123932	-0.0059159155	0.5147536204
row-660	-0.1840515371	0.1447171212	0.2333629659	-0.1562292700	-0.3415001383	0.3836390403
row-661	-0.3973072128	0.3739528582	0.0245809082	0.0369768043	-0.6325140672	0.0780871692
row-662	0.6187989503	-0.5631358331	-0.7820976500	0.7954945659	0.6893282300	-0.9420751838
row-663	-0.7484283637	0.7536003821	-0.3448979525	0.3790626970	-1.1125873404	-0.4603534528
row-664	0.5720990724	-0.5029198657	-0.9441169698	0.9462026210	0.6214195879	-1.1688342587
row-665	-0.3378922705	0.2694004287	0.5551274471	-0.4571408635	-0.5344534371	0.8124781334
row-666	-1.1280719175	1.1677850904	-0.7873205939	0.7889508736	-1.6332014007	-1.1015383507
row-667	0.5317317982	-0.6208545216	0.8894526724	-0.7630739147	0.6336692321	1.3478025165
row-668	0.5931236681	-0.6556689677	0.5875663909	-0.4812941118	0.7044328760	0.9382257972
row-669	1.0277120256	-1.0827351917	0.5476008858	-0.4412044683	1.2807507882	0.9211805680
row-670	-0.7541556551	0.7798417978	-0.5837021390	0.6016071839	-1.1287861558	-0.7890779311
row-671	-1.1634713732	1.1402709787	-0.0607191427	0.1114771666	-1.6541418506	-0.1059445680
row-672	1.2534404428	-1.1938483510	-0.7585387182	0.7776819647	1.5338863484	-0.8543692948
row-673	0.6763792664	-0.6577025741	-0.3463892622	0.3897605828	0.7815405121	-0.3381947623
row-674	-0.6582658474	0.7132634588	-0.9135718343	0.9096948159	-1.0131659089	-1.2341091677
row-675	-0.0342744251	0.1064523929	-1.0450293680	1.0362986323	-0.1883390046	-1.3603945948
row-676	0.0179534688	0.0137231506	-0.5690942646	0.5930356218	-0.1017962788	-0.7016910324
row-677	0.8386235850	-0.8044428968	-0.5087141531	0.5421184269	0.9913974884	-0.5471589995
row-678	0.6045030286	-0.6013169304	-0.1743697821	0.2289570659	0.6921700503	-0.1080278754
row-679	0.4937793347	-0.4811352710	-0.2962507667	0.3418351857	0.5405891861	-0.2851999967
row-680	0.1970986972	-0.2368315862	0.2795351244	-0.1967749413	0.1668721176	0.4803275065
row-681	-0.0466138802	-0.0698433179	1.1437803475	-1.0039029496	-0.1260578029	1.6469464069
row-682	-0.0971281723	-0.0019714827	0.9367439328	-0.8112607891	-0.2006557623	1.3579809143
row-683	0.2021332873	-0.2963986968	0.9132355002	-0.7873943214	0.1963461798	1.3517579622
row-684	-0.0065770688	-0.0569182868	0.5332291965	-0.4345657976	-0.0947804163	0.8112626047
row-685	-0.6085548646	0.5398760046	0.5277963933	-0.4334346099	-0.8952628317	0.7513177092
row-686	0.6709497461	-0.6583361647	-0.2765851371	0.3246628748	0.7768317392	-0.2427255749
row-687	0.1920357214	-0.1440881533	-0.7390335415	0.7525679307	0.1235246675	-0.9200889089
row-688	1.2968730177	-1.2202790054	-0.9512058839	0.9575447278	1.5847006975	-1.1153950536
row-689	0.5811169628	-0.5355622998	-0.6688404800	0.6896849393	0.6433041679	-0.7896934436
row-690	-0.3062739433	0.1835710702	1.1879928106	-1.0468082905	-0.4696681852	1.6850783564
row-691	0.6264615565	-0.6617672977	0.2749344680	-0.1896819022	0.7375144304	0.5114340739
row-692	0.0240468207	-0.0049171885	-0.4227528816	0.4566752090	-0.0884347620	-0.5000204465
row-693	-0.2764186093	0.2204250853	0.4167159990	-0.3277302978	-0.4577042918	0.6275970660
row-694	-0.1259303533	0.2307512327	-1.4340215221	1.3982672707	-0.3241730102	-1.9030362967
row-695	-0.1602966561	0.1878682446	-0.5408620730	0.5655568205	-0.3377523537	-0.6784262613
row-696	0.3509688401	-0.3730640676	0.0915244489	-0.0205308880	0.3646728369	0.2353293345
row-697	-0.3380964786	0.3759572279	-0.6797050291	0.6938064725	-0.5791159767	-0.8847592202
row-698	-0.5089317835	0.4844488497	0.0255171501	0.0353749494	-0.7808774208	0.0696430536
row-699	0.8179596610	-0.8509960311	0.2694593048	-0.1833276687	0.9919008554	0.5206026754
row-700	0.4577636424	-0.4858554543	0.1727887030	-0.0955770921	0.5095703833	0.3563331539
row-701	0.5521477742	-0.6316616288	0.7801139451	-0.6610293399	0.6568802115	1.1993013182
row-702	-0.2368701881	0.2254259198	-0.0962137739	0.1506138353	-0.4235667894	-0.0739532883
row-703	-1.1152751568	1.1084483903	-0.2455722581	0.2840878178	-1.5967136677	-0.3558150066
row-704	-0.1878106837	0.1461893704	0.2595053120	-0.1806202894	-0.3455578665	0.4192427680
row-705	0.7402577199	-0.6577242731	-1.0808373851	1.0747339723	0.8400597049	-1.3420907554
row-706	0.0614325361	-0.0041736540	-0.8613787044	0.8657488293	-0.0545012681	-1.0996320277
row-707	1.2297136058	-1.2565958942	0.2428886408	-0.1558721080	1.5383435548	0.5199774264
row-708	-0.9803450622	0.9027829123	0.5904106974	-0.4942242462	-1.3872808072	0.8049671204
row-709	0.6345487070	-0.6652640526	0.2225190369	-0.1407742896	0.7463814426	0.4400965145
row-710	0.9242740250	-0.9373847501	0.0497003041	0.0221973348	1.1253381916	0.2278222112
row-711	-0.5530760089	0.4759254607	0.6322044434	-0.5303876545	-0.8177542271	0.8996580977
row-712	-0.0156292086	0.1013481602	-1.2002150578	1.1810641568	-0.1691302803	-1.5720646683
row-713	-0.4954642811	0.4254365326	0.5557846699	-0.4587828156	-0.7439107085	0.7996450246
row-714	0.0960125559	-0.0631713750	-0.5741069432	0.5982177214	0.0017975826	-0.7017758791
row-715	1.2455538132	-1.2437526235	-0.0884152203	0.1530293226	1.5474919353	0.0659966259
row-716	-0.6838349723	0.5995245010	0.7010821342	-0.5954406055	-0.9891129781	0.9829282781
row-717	-0.2195360519	0.1449815219	0.6384194059	-0.5340015001	-0.3741129074	0.9372768113
row-718	-0.1783684924	0.0776257900	0.9469653292	-0.8213185535	-0.3082916005	1.3649475745
row-719	0.1896228604	-0.0904490458	-1.3340605468	1.3071582006	0.0989262808	-1.7381360726
row-720	-0.9609875496	0.8431154800	1.0605403147	-0.9322908783	-1.3446456416	1.4528258190
row-721	0.5734650494	-0.5131819150	-0.8406799406	0.8498011298	0.6269540216	-1.0265458145
row-722	0.1958191533	-0.1923513066	-0.2221878931	0.2708570080	0.1471345861	-0.2093788874
row-723	-0.2718078491	0.2336633810	0.2099815325	-0.1350094566	-0.4590065191	0.3438521453
row-724	-0.1639075045	0.1364202701	0.0980065950	-0.0299362411	-0.3195859983	0.1993540994
row-725	-0.2621974638	0.3262131929	-0.9751052205	0.9696355652	-0.4888329359	-1.2841564428
row-726	-0.2225118261	0.1722214355	0.3563754651	-0.2711366178	-0.3882082027	0.5493611759
row-727	0.2482522121	-0.3330606447	0.8084619627	-0.6894369066	0.2538915348	1.2117720733
row-728	-1.0844872127	1.0490517688	0.0899456316	-0.0284367678	-1.5437217123	0.1080226154
row-729	0.2091603130	-0.2215006067	-0.0371927677	0.0985160008	0.1715211187	0.0460512935
row-730	-0.1092731933	-0.0096244494	1.1652852950	-1.0243563739	-0.2085858671	1.6710415908
row-731	-0.1020773509	0.0799442445	0.0425818526	0.0221273447	-0.2393796278	0.1285654596
row-732	1.1854460475	-1.2071084348	0.1774576103	-0.0951750821	1.4771407681	0.4261864818
row-733	0.2079417401	-0.2965587119	0.8482872570	-0.7268201533	0.2017332810	1.2629959912
row-734	-0.8048450194	0.7378040547	0.4873837759	-0.3970495857	-1.1576695726	0.6786607472
row-735	0.1756467876	-0.1099337262	-0.9470867856	0.9463807777	0.0942574162	-1.2074770881
row-736	0.4901096182	-0.4311249333	-0.8346900573	0.8436736087	0.5163541731	-1.0255795574
row-737	0.9846328217	-1.0163091905	0.2718364695	-0.1844545188	1.2135665487	0.5383998060
row-738	-1.1332659739	1.0941661387	0.1271742426	-0.0634550484	-1.6072313087	0.1549392855
row-739	-1.2139233043	1.1348685001	0.5822809972	-0.4881727107	-1.6980988953	0.7734309094
row-740	0.2669938162	-0.2593059680	-0.2634262644	0.3097589669	0.2402738106	-0.2598544100
row-741	-0.1227243841	0.0411383959	0.7306109277	-0.6192978853	-0.2420944109	1.0724293641
row-742	-0.8865149640	0.7773208345	0.9679023795	-0.8454594516	-1.2489698267	1.3319914953
row-743	-0.0563648391	0.0679348805	-0.3437469416	0.3825109396	-0.1924962154	-0.3984404057
row-744	0.3347984245	-0.3716513969	0.2611071374	-0.1786992368	0.3492717447	0.4670031523
row-745	0.2852824664	-0.1955584095	-1.2139168552	1.1958009474	0.2304180462	-1.5646649999
row-746	-0.2402422685	0.2025064728	0.2086773003	-0.1335876132	-0.4170891872	0.3448112868
row-747	0.8307220327	-0.8922492662	0.6016445091	-0.4928637189	1.0208092742	0.9782882873
row-748	-0.4612572317	0.4936917336	-0.6301280257	0.6467927247	-0.7410672833	-0.8273545547
row-749	-0.0616678155	0.0689740674	-0.2948201029	0.3368731229	-0.1977872758	-0.3316550416
row-750	0.3649734601	-0.3307144662	-0.5612515570	0.5879926674	0.3598243136	-0.6606599295
row-751	-1.1366454549	1.0167192459	1.0652431181	-0.9378217396	-1.5780014021	1.4439765234
row-752	0.6162447883	-0.6881542580	0.6988096117	-0.5848293892	0.7391698666	1.0931400044
row-753	-0.1720419837	0.1208669552	0.3721478346	-0.2855078436	-0.3205450976	0.5754392986
row-754	0.9737507030	-0.9455986999	-0.4239889476	0.4640314658	1.1740852723	-0.4189283782
row-755	0.7248342444	-0.7572611344	0.2522321726	-0.1678791616	0.8674778692	0.4888065251
row-756	-0.8660452090	0.8993145850	-0.6839435647	0.6943081326	-1.2811390272	-0.9366091242
row-757	-0.5416600150	0.4436254393	0.8759234753	-0.7574759521	-0.7938159980	1.2356337173
row-758	-0.0387830402	0.0183939514	0.0292320099	0.0349837995	-0.1557142107	0.1157344425
row-759	0.2354472078	-0.1736894336	-0.8946455028	0.8978925607	0.1756430806	-1.1301858587
row-760	0.4538138966	-0.5488463092	0.9495741983	-0.8196203222	0.5322441780	1.4236442072
row-761	-0.9586637917	1.0143572384	-0.9543944636	0.9457818915	-1.4139913682	-1.3164053285
row-762	1.0622583396	-1.0675406816	-0.0261509934	0.0937973673	1.3060518438	0.1355970085
row-763	1.4580682445	-1.4973965460	0.4122843142	-0.3122687299	1.8480145892	0.7727108132
row-764	0.9344451899	-1.0174547166	0.8623712783	-0.7352013779	1.1680747921	1.3456871774
row-765	-0.2980450506	0.3127603002	-0.4066078149	0.4395227590	-0.5160528357	-0.5059083510
row-766	-0.1027484131	0.1765842536	-1.0717418727	1.0607491992	-0.2803306415	-1.4030789440
row-767	-1.0676502017	1.0088444061	0.3631231072	-0.2829469440	-1.5115176192	0.4849600699
row-768	0.5291357003	-0.4846067009	-0.6625979779	0.6835269191	0.5744231500	-0.7856449125
row-769	0.7756415644	-0.7742266392	-0.1351512864	0.1935207362	0.9210965565	-0.0392047847
row-770	0.4826460031	-0.5726925626	0.8948285100	-0.7684052287	0.5686063786	1.3509122716
row-771	0.6461290906	-0.5991138911	-0.6787117142	0.6993103141	0.7293783547	-0.7975935241
row-772	-0.0129158591	-0.0568144153	0.6049289927	-0.5014363413	-0.1006298521	0.9092580373
row-773	-0.0715668435	0.0047763779	0.5644032429	-0.4640467103	-0.1800590702	0.8484443540
row-774	1.2225929030	-1.1891694420	-0.4580693852	0.4974223929	1.5036783036	-0.4440773855
row-775	-0.9689200443	0.8660353368	0.8856644111	-0.7693463473	-1.3614779582	1.2117755392
row-776	-0.6448934717	0.5938253859	0.3193649907	-0.2393996189	-0.9510653641	0.4616706444
row-777	-0.6869613028	0.7195689902	-0.6567407205	0.6701231203	-1.0420816617	-0.8836083428
row-778	-1.3004679243	1.2553735311	0.1785491103	-0.1124322383	-1.8276676559	0.2109757146
row-779	-0.7317709289	0.6379824802	0.8059014420	-0.6934525514	-1.0490723037	1.1228186751
row-780	-0.4517214626	0.3590225333	0.8237771527	-0.7082844541	-0.6761236337	1.1718014781
row-781	0.0500620758	-0.0525690596	-0.1687045650	0.2200546818	-0.0447165147	-0.1485750087
row-782	-1.4162537956	1.3857787917	-0.0038105355	0.0567830773	-1.9881524793	-0.0497627994
row-783	-0.6708015507	0.6936732376	-0.5419391463	0.5632257364	-1.0164714005	-0.7244102065
row-784	-0.2679326815	0.2626607024	-0.1712631746	0.2203621079	-0.4675601431	-0.1798130742
row-785	0.6305620807	-0.7164630104	0.8628185091	-0.7376034139	0.7640996639	1.3198106902
row-786	-0.3164406442	0.3435393461	-0.5523914256	0.5752829224	-0.5457492654	-0.7078847599
row-787	0.1200230832	-0.1724701596	0.4187523073	-0.3270384306	0.0694102396	0.6649559096
row-788	0.4423519171	-0.3320666947	-1.4355222432	1.4033784801	0.4312643220	-1.8555586334
row-789	-1.2612713040	1.1675368442	0.7475586482	-0.6425321436	-1.7551031534	0.9964697304
row-790	-0.3038709833	0.2156244405	0.7881983927	-0.6741567392	-0.4808458502	1.1357890853
row-791	0.5427598532	-0.5145078982	-0.4721277817	0.5060846186	0.5993827258	-0.5226648326
row-792	-0.2171678742	0.2080001700	-0.1204983276	0.1733774169	-0.3982469565	-0.1056137123
row-793	0.7999508874	-0.8277003677	0.2061127270	-0.1244019544	0.9656822089	0.4319658383
row-794	-0.3761535742	0.3324645243	0.2629833129	-0.1850924182	-0.5958214526	0.4076042178
row-795	1.6204033308	-1.6476112099	0.2892544078	-0.1965359169	2.0594048522	0.6177636091
row-796	0.2792866006	-0.2755674728	-0.2160073844	0.2656416197	0.2583208662	-0.1936077441
row-797	0.3993552030	-0.4753005356	0.7220269954	-0.6078864662	0.4516650710	1.1061437390
row-798	1.2556296709	-1.3114708851	0.5819420609	-0.4717238775	1.5849857891	0.9882497610
row-799	-0.4017837145	0.3706910527	0.1139388339	-0.0463401629	-0.6352529283	0.2005152219
row-800	0.4627899383	-0.4612599436	-0.1705883753	0.2245067618	0.5039084087	-0.1151844288
row-801	0.5209403640	-0.5645108606	0.3593907864	-0.2690903323	0.6002675565	0.6183164672
row-802	-0.0120279663	0.0583633645	-0.7425584930	0.7545203347	-0.1478903615	-0.9427231596
row-803	-0.8076282375	0.7973438162	-0.1718932894	0.2174237331	-1.1850700520	-0.2277274087
row-804	-0.6821850144	0.5936908639	0.7498367237	-0.6408724523	-0.9851667938	1.0500830197
row-805	-0.3136731506	0.2774014491	0.1836743634	-0.1107628630	-0.5156092088	0.3040445386
row-806	1.1766659429	-1.1867952097	0.0425949022	0.0304688655	1.4606200501	0.2400585791
row-807	-0.4951893865	0.4901157852	-0.1983376056	0.2441127304	-0.7706552377	-0.2368368491
row-808	0.5775734457	-0.6314631658	0.4853755174	-0.3861467851	0.6800862845	0.7964136160
row-809	0.5487471418	-0.5640961779	0.0347555635	0.0336736439	0.6255643813	0.1745445910
row-810	-0.5804572792	0.4306074929	1.4732967317	-1.3145223037	-0.8239192267	2.0533131772
row-811	0.2364915124	-0.3216118110	0.8108009674	-0.6916938491	0.2383405973	1.2139616802
row-812	0.3804297552	-0.4517518260	0.6662855761	-0.5560552702	0.4245011688	1.0278799254
row-813	1.1039478404	-1.1836951411	0.8429710177	-0.7160116878	1.3927192152	1.3337989167
row-814	-0.2288689986	0.2341969563	-0.2900761136	0.3313591190	-0.4198989388	-0.3397105093
row-815	-1.3267889144	1.3061628806	-0.1084105806	0.1548619526	-1.8729754891	-0.1857315223
row-816	1.2602656020	-1.2658367651	-0.0012146810	0.0718485396	1.5701849999	0.1871322021
row-817	-0.7564147420	0.7684804769	-0.4258081928	0.4544244247	-1.1261133149	-0.5722570155
row-818	-0.0698197354	0.0111115293	0.4707543427	-0.3767480906	-0.1811030024	0.7198806207
row-819	0.4771353981	-0.3711053477	-1.3823260033	1.3540231622	0.4794188664	-1.7794106167
row-820	0.5648359202	-0.6608328146	0.9728738327	-0.8406119048	0.6806777442	1.4653468751
row-821	0.4227597689	-0.3741878030	-0.7211340316	0.7373916160	0.4308995204	-0.8753733669
row-822	0.6736374103	-0.7185475145	0.3915884427	-0.2981032307	0.8044250077	0.6758820947
row-823	0.5756690570	-0.5708588773	-0.1963691579	0.2492736303	0.6530464577	-0.1407786077
row-824	-0.1441958760	0.1700216093	-0.5188367667	0.5451329045	-0.3155557108	-0.6467499119
row-825	-0.2921683441	0.2555475030	0.1900721001	-0.1165855079	-0.4867900894	0.3147126227
row-826	-0.9529620788	0.9426221903	-0.1870907873	0.2306394182	-1.3788275008	-0.2612852209
row-827	0.7898023871	-0.7755141393	-0.2830738748	0.3314872561	0.9346046964	-0.2412829942
row-828	0.1940959539	-0.1723046918	-0.4351203340	0.4693134089	0.1371889940	-0.5021948009
row-829	0.2425138348	-0.2177725855	-0.4640936699	0.4966348487	0.2005155950	-0.5377964409
row-830	0.8293714781	-0.9032090399	0.7444267637	-0.6259554086	1.0241466939	1.1744180907
row-831	-0.4534201640	0.4038645119	0.3226755701	-0.2412344630	-0.6963960655	0.4829126771
row-832	-0.6656559186	0.6093792569	0.3775762081	-0.2937921067	-0.9765749377	0.5398692651
row-833	-1.1835736709	1.2373062516	-0.9561431183	0.9459424824	-1.7130560855	-1.3384154210
row-834	-0.1287986845	0.0139041118	1.1166792266	-0.9791797349	-0.2362909755	1.6025326746
row-835	-0.0167283226	-0.0807030151	0.9261375266	-0.8008496597	-0.0941511111	1.3504118077
row-836	-0.8700267557	0.7320015291	1.3044439969	-1.1590316380	-1.2149515614	1.7959895955
row-837	0.8201443650	-0.8479297072	0.2087302082	-0.1267097081	0.9926221121	0.4373238220
row-838	0.5062341935	-0.4798792011	-0.4540843613	0.4890282994	0.5514730759	-0.5010491396
row-839	0.4529162918	-0.5372722030	0.8255164923	-0.7039958844	0.5265911184	1.2530544366
row-840	-0.3576738417	0.3461122565	-0.1080193552	0.1608282702	-0.5845911439	-0.1007106364
row-841	0.4054480051	-0.4759398111	0.6593727677	-0.5494486206	0.4575126624	1.0205595736
row-842	0.7108411230	-0.7144501863	-0.0838834026	0.1453122240	0.8367919622	0.0256115107
row-843	1.1501002260	-1.2252013226	0.7940567605	-0.6701187398	1.4523171421	1.2705919161
row-844	0.0929141905	-0.0861267209	-0.2719472040	0.3165638528	0.0085408805	-0.2867415351
row-845	-0.8779196193	0.7530286444	1.1510880116	-1.0161448899	-1.2309575706	1.5845208930
row-846	-0.0955262072	0.0217207294	0.6432396800	-0.5376842038	-0.2090772626	0.9547126825
row-847	0.6612979135	-0.6018884594	-0.8209621970	0.8319966270	0.7444304668	-0.9917878165
row-848	-0.0182168284	-0.0037253726	0.0495062020	0.0162212136	-0.1276440415	0.1453932438
row-849	1.2572308865	-1.2846163588	0.2517302792	-0.1639333593	1.5752436913	0.5345286802
row-850	0.8483696001	-0.8548200002	-0.0359032568	0.1014898694	1.0213512339	0.1035471038
row-851	0.1067722513	-0.2077307810	0.9805517635	-0.8507606695	0.0719903501	1.4359678680
row-852	-1.2577826357	1.2452638806	-0.1950186649	0.2360374344	-1.7843499772	-0.2987546261
row-853	0.0887473627	-0.0079329719	-1.1318933673	1.1180655131	-0.0279128749	-1.4690606086
row-854	0.2026782587	-0.1416892739	-0.8892912900	0.8926879961	0.1322715480	-1.1256833954
row-855	-0.6980338465	0.7000441835	-0.3026961052	0.3400568908	-1.0440742602	-0.3979558141
row-856	-0.4304646359	0.5029072491	-1.0912870861	1.0768257989	-0.7167089264	-1.4585117772
row-857	-0.5507557831	0.4326766267	1.1076602870	-0.9735299954	-0.7975774625	1.5533522103
row-858	1.2431784039	-1.1510514734	-1.1374040914	1.1307434720	1.5066238382	-1.3759966502
row-859	0.6648386980	-0.6662537661	-0.1143711550	0.1734283816	0.7745389701	-0.0203027686
row-860	1.0098425596	-1.0211828019	0.0384710938	0.0332227261	1.2386918563	0.2198476725
row-861	0.9203877918	-0.9738447881	0.5177183951	-0.4140530549	1.1369965257	0.8707524286
row-862	-0.8392917511	0.7651707330	0.5658322458	-0.4703939782	-1.2006439297	0.7834815905
row-863	0.9585384602	-0.9387803584	-0.3281894302	0.3746403591	1.1573055682	-0.2885825531
row-864	-0.3937868040	0.2836880743	1.0321130240	-0.9020893222	-0.5916141051	1.4631998878
row-865	-0.6184946169	0.5186381534	0.8887015327	-0.7698879187	-0.8955028345	1.2464984595
row-866	0.8643869546	-0.8272139684	-0.5406480982	0.5720513620	1.0245000798	-0.5888047786
row-867	-0.5498668790	0.5619744598	-0.4037801682	0.4352421142	-0.8507305815	-0.5239745957
row-868	-0.1696388738	0.2011100127	-0.5871562391	0.6086451323	-0.3518364061	-0.7428698430
row-869	1.3640898179	-1.3631564930	-0.0654183297	0.1323690049	1.7059039273	0.1079382221
row-870	-0.1381422805	0.0939453246	0.2948237887	-0.2132150650	-0.2782575544	0.4721162360
row-871	0.6728347375	-0.6700738016	-0.1619852109	0.2178601875	0.7834574615	-0.0850490047
row-872	-0.7350262295	0.6793259098	0.3633231520	-0.2809604570	-1.0693102675	0.5142317085
row-873	0.1025545273	-0.0275822764	-1.0625580201	1.0535304064	-0.0070646811	-1.3725587655
row-874	-0.0114600276	-0.0471783030	0.4763043050	-0.3815397884	-0.1033183625	0.7325963258
row-875	0.6650828282	-0.6904019067	0.1631937455	-0.0852795727	0.7848417196	0.3612185025
row-876	0.3909012505	-0.4868637014	0.9535149106	-0.8237043280	0.4487479077	1.4235760859
row-877	-0.0740653119	0.1204329086	-0.7496944535	0.7607662667	-0.2306211772	-0.9579393453
row-878	-0.5558674523	0.4845476117	0.5642025536	-0.4670234589	-0.8239098582	0.8059493313
row-879	-0.2140215802	0.2439929287	-0.5745806233	0.5966338546	-0.4103880090	-0.7294543347
row-880	0.9824094729	-1.0744529819	0.9724887672	-0.8375251022	1.2357985502	1.5012198356
row-881	0.6241634782	-0.6075316106	-0.3283393202	0.3725956856	0.7127721751	-0.3179379016
row-882	-0.0642212906	-0.0371965545	0.9672462292	-0.8394760523	-0.1558118504	1.4027735722
row-883	0.0618301881	-0.1362295774	0.6672872791	-0.5590702509	0.0009814784	1.0014826185
row-884	0.9019579774	-0.9740930389	0.7325718141	-0.6144315935	1.1202191618	1.1644517861
row-885	1.1367419650	-1.1322971094	-0.1309701651	0.1919826152	1.4013044314	-0.0019788933
row-886	-0.6157678914	0.5708494432	0.2511391335	-0.1756181651	-0.9147976099	0.3704364302
row-887	0.1144804520	-0.0489571313	-0.9515509739	0.9501421247	0.0127805947	-1.2189451169
row-888	0.5179815800	-0.5008995209	-0.3451401929	0.3875615952	0.5710068391	-0.3502863845
row-889	-0.6904410318	0.6567107575	0.1130990461	-0.0474431431	-1.0190327050	0.1741971048
row-890	-1.1554646020	1.1159971597	0.1290226890	-0.0653229450	-1.6366763725	0.1555447104
row-891	0.3660011327	-0.4458228799	0.7633986137	-0.6466655488	0.4088104526	1.1600994353
row-892	0.9891358739	-0.8893863483	-1.2535973146	1.2373839445	1.1647151381	-1.5578451113
row-893	0.1477966789	-0.1267944655	-0.4310057157	0.4651758415	0.0757852831	-0.5005756163
row-894	-0.8299018378	0.7541065376	0.5862950609	-0.4894053854	-1.1874250820	0.8124253450
row-895	-0.6197510567	0.6754923919	-0.9180087226	0.9140819072	-0.9621227073	-1.2368499144
row-896	0.7856682662	-0.7700235861	-0.2992733989	0.3465593179	0.9285263161	-0.2639088776
row-897	1.1489810962	-1.1821028949	0.3065327718	-0.2157202126	1.4333033117	0.6004154082
row-898	-0.4566000353	0.5227635796	-1.0212325308	1.0113594069	-0.7489357055	-1.3645034322
row-899	0.7955669335	-0.8771119179	0.8302293237	-0.7061501230	0.9822904519	1.2894027704
row-900	0.7525757937	-0.6466299091	-1.3513255759	1.3269280125	0.8467119225	-1.7127903023
row-901	1.1394186869	-1.0864238121	-0.6943699757	0.7171274166	1.3846092545	-0.7761122683
row-902	-0.6674377925	0.6998722941	-0.6526018638	0.6663929634	-1.0159777408	-0.8762177044
row-903	-0.1279732197	0.0929950694	0.1888969837	-0.1144175764	-0.2685464723	0.3274112846
row-904	0.1551103650	-0.1002659925	-0.8231340060	0.8307141158	0.0714116730	-1.0389000577
row-905	-0.6048522216	0.5201298485	0.7144737148	-0.6074065053	-0.8836295553	1.0082197468
row-906	-1.0013904022	1.0156895851	-0.4784422519	0.5018826227	-1.4536833579	-0.6659559651
row-907	0.7358283378	-0.7754747445	0.3372529719	-0.2470525639	0.8851501599	0.6066220583
row-908	-0.1058524462	0.0956467005	-0.0963126448	0.1515618932	-0.2493914771	-0.0626676346
row-909	0.5941843503	-0.5038927995	-1.1868352153	1.1725769716	0.6420549192	-1.5005138513
row-910	1.4004334455	-1.4768987412	0.8371823549	-0.7086793963	1.7866678630	1.3516889736
row-911	1.1450851665	-1.0125587761	-1.6171555740	1.5772639842	1.3589691711	-2.0439439853
row-912	0.1536860636	-0.0954945590	-0.8621512417	0.8670715545	0.0681155317	-1.0926515897
row-913	1.5623460962	-1.6233951054	0.6758396641	-0.5572391967	1.9961192193	1.1440458111
row-914	-0.6692374197	0.7269076315	-0.9457980593	0.9396601965	-1.0289103443	-1.2793590616
row-915	-0.0689362528	0.0221742120	0.3321493022	-0.2475529025	-0.1849111946	0.5294514858
row-916	0.0434727774	-0.0324678321	-0.3263034963	0.3669046627	-0.0591420556	-0.3657618031
row-917	-0.9766517176	0.8866717201	0.7349910980	-0.6289589809	-1.3771732368	1.0040080961
row-918	0.3193997069	-0.3470416671	0.1524839081	-0.0775555230	0.3248953311	0.3163632060
row-919	-1.0273177919	0.9684869196	0.3678105253	-0.2870524588	-1.4577300109	0.4949187081
row-920	-0.8459195259	0.8134654632	0.0813342731	-0.0188518922	-1.2268723336	0.1169839810
row-921	1.1968750655	-1.1567799609	-0.5383339848	0.5720665043	1.4666028123	-0.5566392953
row-922	0.1723341647	-0.2146659036	0.3070098021	-0.2225450077	0.1349371032	0.5159313051
row-923	1.1099478783	-1.0353024791	-0.9489564355	0.9542269560	1.3362777464	-1.1285985986
row-924	0.0750002159	-0.0193609232	-0.8410955226	0.8469321449	-0.0357348315	-1.0705709715
row-925	-0.5256407717	0.4584276171	0.5198164743	-0.4254551221	-0.7853212514	0.7475777672
row-926	0.9628498678	-0.9780330012	0.0779668647	-0.0038970353	1.1776382156	0.2700361496
row-927	0.7057252914	-0.6186484422	-1.1373527673	1.1271845987	0.7921195970	-1.4227788924
row-928	0.0624492332	-0.0330427230	-0.5378870155	0.5642390012	-0.0415204206	-0.6549191825
row-929	-0.6290188995	0.6637888533	-0.6755300192	0.6880145591	-0.9657267720	-0.9043821938
row-930	0.5035023498	-0.6144167556	1.1393886770	-0.9962158507	0.6051251303	1.6888669603
row-931	-0.4956635466	0.4131941694	0.7002168840	-0.5934048598	-0.7389834164	0.9981429845
row-932	0.3771584824	-0.4008702410	0.1131479265	-0.0405143643	0.4002674666	0.2673328915
row-933	0.3795126543	-0.3962804184	0.0327810587	0.0344084549	0.4005080596	0.1570776124
row-934	-0.1882385531	0.1562263072	0.1478922843	-0.0765920776	-0.3501390715	0.2657985757
row-935	0.9064976203	-0.8081163388	-1.2467189050	1.2304329410	1.0551006684	-1.5555950960
row-936	0.6516258457	-0.6218549856	-0.4778966003	0.5121727457	0.7439050171	-0.5211033485
row-937	0.6547857510	-0.6959731114	0.3463105591	-0.2560242865	0.7777353564	0.6120063545
row-938	0.7196707091	-0.7204839255	-0.1153822420	0.1747289868	0.8473979221	-0.0169124483
row-939	-1.0650148795	1.0880536707	-0.5868488773	0.6025094009	-1.5421647380	-0.8205023079
row-940	-0.5070574385	0.3613231447	1.4335143117	-1.2769628549	-0.7277694449	2.0050327728
row-941	-0.1527646624	0.1382824511	-0.0517740697	0.1097424177	-0.3101568471	-0.0055410433
row-942	0.0545282404	-0.0646741167	-0.0795261408	0.1369634423	-0.0355731831	-0.0256140902
row-943	1.5752191372	-1.5972636312	0.2243796451	-0.1363633588	1.9970034605	0.5246573203
row-944	0.6349912307	-0.6532376216	0.0777960679	-0.0058796528	0.7417670929	0.2412201318
row-945	-0.1712259645	0.1127117923	0.4574481470	-0.3650082619	-0.3163937919	0.6927517300
row-946	0.1294383522	-0.1855131431	0.4618982776	-0.3671919306	0.0834782337	0.7250788117
row-947	0.9332684390	-0.9792167596	0.4319426730	-0.3340200455	1.1510368835	0.7539805836
row-948	1.0937129344	-1.1234574991	0.2612970130	-0.1739184307	1.3582019977	0.5334229371
row-949	-0.4239939546	0.3263671115	0.8840151761	-0.7642492924	-0.6370963634	1.2570129886
row-950	0.5321811252	-0.5283614058	-0.1896096054	0.2426891683	0.5954753127	-0.1352790042
row-951	0.1415338370	-0.1518260660	-0.0683432285	0.1271085840	0.0804966489	-0.0026589366
row-952	-0.1600891848	0.0715356283	0.8074353128	-0.6911475822	-0.2890065197	1.1747635945
row-953	-1.1526896941	1.1215182076	0.0330046914	0.0241905505	-1.6364390839	0.0238143626
row-954	-0.2846838244	0.3100379416	-0.5286743495	0.5533844375	-0.5026782022	-0.6725183278
row-955	0.5789615922	-0.5916404126	0.0070463358	0.0596979299	0.6647362460	0.1390935142
row-956	0.5708510783	-0.5839086814	0.0105601515	0.0563698285	0.6540802070	0.1432160510
row-957	-0.3585835666	0.3086009918	0.3379696325	-0.2548700377	-0.5697676769	0.5122010865
row-958	-0.3571310043	0.3669765704	-0.3565086110	0.3924408679	-0.5928024335	-0.4422001878
row-959	0.2973794842	-0.2911237295	-0.2434868341	0.2913725499	0.2813862212	-0.2297997064
row-960	-0.3155181243	0.3381502820	-0.5004319120	0.5268591141	-0.5426549449	-0.6363884147
row-961	-0.1054004982	0.0673204572	0.2273720304	-0.1501315007	-0.2371544862	0.3822612289
row-962	0.7130157034	-0.8162552284	1.0731163445	-0.9330767914	0.8812759602	1.6160431825
row-963	0.1330693789	-0.0804403317	-0.7998153851	0.8088355719	0.0429480157	-1.0087711382
row-964	-0.0523349664	-0.0130109860	0.5497279643	-0.4502427061	-0.1550192056	0.8299504191
row-965	0.1292497110	-0.1763796365	0.3580230648	-0.2703743309	0.0794932329	0.5822907394
row-966	0.0626415631	-0.1466331519	0.7787462642	-0.6629523790	0.0060669894	1.1547485186
row-967	-0.7803656067	0.7295215721	0.3019970684	-0.2240965254	-1.1317903931	0.4259893852
row-968	-0.5756083160	0.4834699129	0.8037653813	-0.6904414280	-0.8415418902	1.1334963253
row-969	-0.5062527650	0.5066088936	-0.2625855774	0.3039239783	-0.7876728747	-0.3261071413
row-970	-0.2765935790	0.1487109989	1.2513671497	-1.1056836330	-0.4279319823	1.7747708277
row-971	0.6211374832	-0.7259792855	1.0817048376	-0.9416820725	0.7594390813	1.6198381284
row-972	0.5422924599	-0.5777141692	0.2671064219	-0.1829354795	0.6253361296	0.4933373007
row-973	-0.6377394052	0.6114804793	0.0320972323	0.0284003956	-0.9518815403	0.0674581905
row-974	-0.3480453387	0.3294908291	-0.0257782646	0.0842368263	-0.5688342374	0.0131652710
row-975	0.3951921124	-0.4213402473	0.1434012315	-0.0685947133	0.4253294863	0.3104867379
row-976	-0.2883075222	0.2675092135	0.0067849065	0.0542759655	-0.4882463997	0.0631295070
row-977	0.1534683033	-0.1937091916	0.2806775203	-0.1981247582	0.1089096477	0.4780941715
row-978	0.0554894814	-0.0436849255	-0.3342775706	0.3744155494	-0.0434533539	-0.3756742327
row-979	0.1070530908	-0.1074952771	-0.1864658982	0.2369817710	0.0304105254	-0.1680189069
row-980	-1.5038729824	1.4653785276	0.0797490005	-0.0216725411	-2.1016321351	0.0574476261
row-981	0.3046857997	-0.3143237252	-0.0581563497	0.1186795410	0.2977619090	0.0255653187
row-982	-1.2064450045	1.2045563271	-0.3128436857	0.3461938203	-1.7203359078	-0.4562242252
row-983	0.0750426082	-0.0054227982	-1.0034121524	0.9982226679	-0.0415136032	-1.2936639008
row-984	-0.0513836027	-0.0334502224	0.7760962440	-0.6612272737	-0.1456167090	1.1411659801
row-985	0.3447296003	-0.3122469444	-0.5428339248	0.5706939216	0.3335736234	-0.6371105245
row-986	0.0405123813	0.0049407203	-0.7265876203	0.7399776164	-0.0774675295	-0.9161917060
row-987	0.0999170612	-0.1467796802	0.3517222116	-0.2646931253	0.0402710298	0.5710734204
row-988	-0.1370137495	0.1051330170	0.1519488882	-0.0800384733	-0.2818934694	0.2758397401
row-989	-0.1803322640	0.2383684698	-0.8967564006	0.8971438877	-0.3771823486	-1.1693330041
row-990	-0.3743768326	0.4333746929	-0.9290727303	0.9259972856	-0.6363126868	-1.2306662366
row-991	-0.3141915818	0.2722398875	0.2495655948	-0.1721814026	-0.5139296990	0.3945637634
row-992	-0.4331185363	0.3624596940	0.5699077400	-0.4715391990	-0.6605187177	0.8244915510
row-993	0.3548880092	-0.3585026772	-0.1226174963	0.1790897140	0.3621848960	-0.0586571094
row-994	0.1098631850	-0.1789383170	0.6107054511	-0.5060183149	0.0628039038	0.9279008434
row-995	-0.7706911521	0.8157158541	-0.8100354919	0.8124573904	-1.1589054052	-1.1016040427
row-996	0.0429258871	-0.0299402417	-0.3493600898	0.3883914186	-0.0606979705	-0.3974996893
row-997	-1.0321545350	1.0232467242	-0.2123500123	0.2536654078	-1.4850163429	-0.3029064937
row-998	0.1115807662	-0.1830168036	0.6383040373	-0.5317308721	0.0660794503	0.9659835419
row-999	0.6984534308	-0.7471657103	0.4384386880	-0.3416087604	0.8391003824	0.7424389190
row-1000	-1.0843266250	0.9972514038	0.6895284497	-0.5872880816	-1.5219537871	0.9321351878
