	i1	i2	i3	i4	o1	o2
row-1	-0.6344385533	0.6224156984	0.1857890333	-0.1902134896	-0.6311954020	0.1450691748
row-2	0.2149898321	-0.2979538303	0.9626532193	-0.9603020988	0.2408717224	0.9817780333
row-3	-1.5736947138	1.5815388985	0.0170012835	-0.0283445686	-1.5773263797	-0.0863073509
row-4	0.3770084830	-0.4746408496	1.1242308310	-1.1205762184	0.4075609601	1.1548399128
row-5	0.7149401619	-0.6481815379	-0.8363640449	0.8408291487	0.6947909001	-0.7937335474
row-6	-0.6742303902	0.5739060051	1.2290541051	-1.2328992563	-0.6436450601	1.1911377012
row-7	-0.3710657279	0.3113452970	0.7295171011	-0.7315891938	-0.3528360016	0.7089254065
row-8	-1.3701716266	1.4722025736	-1.1069979024	1.0961899120	-1.4028449731	-1.2027715794
row-9	-0.9864512601	0.8869798580	1.2407144986	-1.2468032733	-0.9563684360	1.1823447102
row-10	0.2936665295	-0.3521457613	0.6686667426	-0.6659919804	0.3120184026	0.6914341371
row-11	-0.8124036719	0.8784779352	-0.7220901338	0.7156272581	-0.8335054965	-0.7792177067
row-12	-0.0882326866	-0.0645529437	1.8064797321	-1.8056161379	-0.0409380713	1.8100640081
row-13	-1.1275527708	1.0265303169	1.2688033035	-1.2758870832	-1.0970967372	1.2013085526
row-14	-1.3246046900	1.3469466698	-0.1711544175	0.1614525504	-1.3325405674	-0.2590741517
row-15	0.6653020354	-0.6727399939	0.0413805690	-0.0365446941	0.6681150621	0.0853080026
row-16	-1.0214973988	1.1071063253	-0.9377360114	0.9295849948	-1.0488142072	-1.0097216283
row-17	-1.4241344396	1.3999163020	0.3844062839	-0.3943650393	-1.4177130807	0.2928322685
row-18	-0.3443043654	0.2468769334	1.1719752749	-1.1734867462	-0.3143654677	1.1554396743
row-19	-0.5315790481	0.6204505273	-1.0102485574	1.0055730720	-0.5595336155	-1.0504214990
row-20	-0.8117327490	0.8303076238	-0.1624294054	0.1564361981	-0.8181097635	-0.2166064529
row-21	0.2938652830	-0.3257461018	0.3552314521	-0.3528155793	0.3039720863	0.3763841656
row-22	0.8625384980	-0.7997614655	-0.7997109240	0.8052716920	0.8437360408	-0.7471923818
row-23	-1.1403383690	1.0829722918	0.7552690106	-0.7628715805	-1.1234250916	0.6842673051
row-24	-0.6379389534	0.7471492833	-1.2425145453	1.2368785484	-0.6722794522	-1.2908818923
row-25	-0.4310351367	0.3456445393	1.0361708157	-1.0384210182	-0.4048936663	1.0132314548
row-26	1.2238415155	-1.1831858346	-0.5641693558	0.5725332884	1.2121719579	-0.4866887952
row-27	0.2003633913	-0.1239561760	-0.9142747934	0.9149614712	0.1768307691	-0.9058582925
row-28	-0.0587379014	0.0718524421	-0.1504501637	0.1499012939	-0.0628480595	-0.1550907587
row-29	0.7363866817	-0.8685444396	1.5060688159	-1.4995034235	0.7779157093	1.5622731993
row-30	-2.1411270903	2.0668724410	1.0238686307	-1.0384708396	-2.1197417094	0.8885067080
row-31	-0.2141860040	0.0940126226	1.4309530903	-1.4313103991	-0.1770968827	1.4243116246
row-32	-1.0276197039	1.0321969225	0.0175240227	-0.0249258327	-1.0298222248	-0.0499029703
row-33	0.2541240043	-0.2183212393	-0.4395521260	0.4410210770	0.2432193204	-0.4251380346
row-34	-0.1783842410	0.1147292816	0.7624806262	-0.7631347525	-0.1587879201	0.7547199268
row-35	1.6141843840	-1.6629955513	0.4629161168	-0.4508820209	1.6305462492	0.5713773746
row-36	0.3660067890	-0.3980696285	0.3523596477	-0.3494255124	0.3762250297	0.3782373818
row-37	0.7085374944	-0.6756043400	-0.4373375726	0.4420878797	0.6988688812	-0.3930555176
row-38	-0.8974207129	0.7704921309	1.5580641323	-1.5632467959	-0.8587585668	1.5071920119
row-39	-1.0795556972	1.0749908942	0.1288602850	-0.1365444483	-1.0789638948	0.0585991203
row-40	0.2920779374	-0.1434767028	-1.7713482207	1.7719849628	0.2462358860	-1.7613567466
row-41	0.2487081089	-0.3194685291	0.8165080546	-0.8140349691	0.2708327341	0.8370893059
row-42	-0.3285962760	0.3480935088	-0.2068947452	0.2043514188	-0.3348907859	-0.2295590536
row-43	1.3668191603	-1.2198081558	-1.8273460953	1.8356927704	1.3222896290	-1.7470313924
row-44	1.1831781074	-1.1653859200	-0.2919304929	0.3002270645	1.1785649777	-0.2157078547
row-45	2.1645940055	-2.1975217509	0.2374795044	-0.2216603209	2.1764519072	0.3809337444
row-46	0.1609103610	-0.1303904906	-0.3708193501	0.3716726612	0.1515722355	-0.3621727574
row-47	-0.6508784064	0.7186127438	-0.7528838425	0.7475611241	-0.6723716617	-0.7995585921
row-48	0.2117420835	-0.2448826617	0.3757865378	-0.3739462787	0.2221767738	0.3916502338
row-49	0.3051253279	-0.3435587124	0.4316603709	-0.4290997559	0.3172719425	0.4539498190
row-50	1.6657304936	-1.7166777431	0.4845021089	-0.4720780748	1.6827938288	0.5964622168
row-51	0.4066640117	-0.5004306526	1.0766169760	-1.0727878841	0.4360407699	1.1089272543
row-52	1.4858245004	-1.4367783139	-0.6812565864	0.6914140119	1.4717537570	-0.5871709411
row-53	1.0868284260	-1.1193699684	0.3078753006	-0.2997759189	1.0977447367	0.3808823733
row-54	0.5395209606	-0.6268551998	0.9915822723	-0.9868649731	0.5670050564	1.0321800854
row-55	1.7312790867	-1.8069780725	0.7716051524	-0.7584695984	1.7560651788	0.8893630092
row-56	1.0181862609	-0.9591428500	-0.7665394943	0.7732511278	1.0006598786	-0.7036221148
row-57	-1.5205936670	1.6393520265	-1.2936446027	1.2815959921	-1.5585670385	-1.4002708013
row-58	0.6147465166	-0.6614627972	0.5077308783	-0.5028725368	0.6296968477	0.5507585094
row-59	0.8088352486	-0.8146145171	0.0118543153	-0.0060070796	0.8112435535	0.0650590173
row-60	-0.9501592452	1.0375141618	-0.9632705994	0.9556132248	-0.9779628913	-1.0307016715
row-61	0.6156919686	-0.6077873143	-0.1359587445	0.1402892928	0.6137111195	-0.0962118185
row-62	0.7783422205	-0.7152251621	-0.7978626921	0.8028173479	0.7593701533	-0.7508665244
row-63	0.6614396451	-0.6868873089	0.2538658881	-0.2488814084	0.6698325410	0.2986430338
row-64	-1.0855759499	1.2005325838	-1.2790977447	1.2702007530	-1.1220390958	-1.3570663015
row-65	0.2987702820	-0.2435708794	-0.6712163794	0.6728151352	0.2818868954	-0.6550719649
row-66	-0.6141389736	0.4988079802	1.4017052601	-1.4049733342	-0.5788559327	1.3686336764
row-67	-0.6436080825	0.5254208989	1.4374103259	-1.4408614246	-0.6074621257	1.4025879491
row-68	-0.4287676596	0.4702366350	-0.4588322005	0.4553566873	-0.4419495607	-0.4893864665
row-69	1.2958816670	-1.3699179142	0.7822893762	-0.7722872257	1.3198203069	0.8714956740
row-70	-0.3268326830	0.4703234388	-1.6680907241	1.6643465288	-0.3715625040	-1.6982274769
row-71	-0.6382182852	0.7063462839	-0.7584029087	0.7531669749	-0.6598239171	-0.8042745084
row-72	-0.5230422634	0.5976554053	-0.8428295774	0.8383547521	-0.5465703899	-0.8815721797
row-73	0.9158739846	-0.8706908456	-0.5961027853	0.6022175840	0.9025661169	-0.5390225433
row-74	-2.0033975700	2.0292457029	-0.1652665567	0.1506707096	-2.0129379445	-0.2977546418
row-75	0.2657845150	-0.3757619233	1.2774325876	-1.2744534401	0.3000790059	1.3015294994
row-76	-0.1020004497	0.1824282317	-0.9406249598	0.9391075828	-0.1270099780	-0.9522116015
row-77	0.4723333090	-0.4090318470	-0.7787560900	0.7815181386	0.4530707253	-0.7517664908
row-78	0.6601268202	-0.5281606557	-1.6009231594	1.6043576687	0.6197221244	-1.5658646059
row-79	-0.2688246626	0.1515057904	1.4011165906	-1.4018930090	-0.2326620742	1.3907302373
row-80	-1.0443526523	1.0447679328	0.0677296655	-0.0752105394	-1.0452777772	-0.0005360081
row-81	1.8617059681	-1.9856420372	1.3309353972	-1.3163939963	1.9015444960	1.4601674570
row-82	-0.1394374229	0.1766868118	-0.4292305499	0.4278677279	-0.1510906629	-0.4406211383
row-83	1.3203838220	-1.3016141245	-0.3129900793	0.3222593779	1.3155723037	-0.2278619409
row-84	1.2701752090	-1.3294243187	0.6098332567	-0.6001598640	1.2895103926	0.6964549522
row-85	1.8258219546	-1.7697020653	-0.7882523560	0.8007746887	1.8098177115	-0.6723834111
row-86	-0.7916993520	0.9230042503	-1.4921727940	1.4852197496	-0.8330061820	-1.5519392368
row-87	1.6379841475	-1.7311171904	0.9835263782	-0.9708881255	1.6681034655	1.0962550046
row-88	1.0458659532	-1.0741126964	0.2601161687	-0.2523520808	1.0554196857	0.3301838482
row-89	-0.8822108787	0.8653800972	0.2596728765	-0.2658241495	-0.8776662658	0.2030572555
row-90	1.6201982870	-1.7275291527	1.1520627364	-1.1394128670	1.6547052141	1.2644980203
row-91	-0.3284838505	0.2486474255	0.9635921181	-0.9651624849	-0.3039859112	0.9470137971
row-92	1.2276981348	-1.0927632752	-1.6753729455	1.6828418010	1.1868059887	-1.6034097216
row-93	-0.9961441440	0.8435366535	1.8675157691	-1.8731539077	-0.9495970966	1.8117642459
row-94	-0.1436970610	0.0211200550	1.4543743943	-1.4542035295	-0.1058090891	1.4524859163
row-95	1.0848216944	-0.9376737824	-1.8093495548	1.8156759921	1.0400346803	-1.7474695542
row-96	-1.5652767299	1.6952046389	-1.4221533876	1.4096755649	-1.6067466154	-1.5323827856
row-97	-1.3836057048	1.2773681643	1.3480607259	-1.3569266207	-1.3517283089	1.2641540555
row-98	-1.3783124717	1.3086878955	0.9162650572	-0.9254513785	-1.3577806638	0.8304637579
row-99	-0.1920373217	0.1839632097	0.1084950760	-0.1097909049	-0.1896808760	0.0964410307
row-100	0.9045516558	-0.8863061276	-0.2778970469	0.2841944179	0.8995855230	-0.2199082055
row-101	-1.2550488248	1.1966487815	0.7754295508	-0.7838432454	-1.2379025038	0.6969956888
row-102	1.1214460686	-1.1381487979	0.1188319292	-0.1106397208	1.1274789163	0.1931317504
row-103	1.2377975214	-1.3071447769	0.7310759132	-0.7215354932	1.2602383311	0.8161999283
row-104	-0.7276125058	0.7640265513	-0.3784862754	0.3729207206	-0.7394553233	-0.4282583776
row-105	-1.6455055203	1.6246950357	0.3596462191	-0.3712231813	-1.6403093082	0.2533988101
row-106	-0.2334292248	0.0759101123	1.8723533577	-1.8724829403	-0.1847780036	1.8667398395
row-107	0.4211995637	-0.4722536841	0.5723046982	-0.5687895595	0.4373469852	0.6029510034
row-108	-1.4597608260	1.4254112944	0.5062666286	-0.5163812897	-1.4502260118	0.4129846904
row-109	-0.8774048098	1.0203100157	-1.6229047516	1.6152245887	-0.9223729667	-1.6889812456
row-110	1.7010909911	-1.6341572854	-0.9070029325	0.9185264495	1.6816394653	-0.7999459211
row-111	0.5590966197	-0.5629204783	0.0061793545	-0.0021392039	0.5607083252	0.0429459347
row-112	-1.5742165895	1.6069996607	-0.2768289223	0.2652378300	-1.5855794394	-0.3816977718
row-113	1.5875548104	-1.6959299467	1.1666378521	-1.1542114663	1.6223605572	1.2770040439
row-114	0.3446767417	-0.3384592322	-0.0972322390	0.0996390259	0.3430122211	-0.0750907906
row-115	1.0601671725	-1.0614572468	-0.0585212865	0.0661239423	1.0613755338	0.0108312744
row-116	-0.1685366546	0.1137603044	0.6571750557	-0.6578455732	-0.1516850974	0.6495144997
row-117	-0.9492694720	0.9012792393	0.6315023600	-0.6378287740	-0.9351169019	0.5724117624
row-118	0.6741906904	-0.5637288937	-1.3485051800	1.3522508345	0.6404628417	-1.3112117207
row-119	0.4002253108	-0.4331944217	0.3606591465	-0.3574711619	0.4107505799	0.3888282514
row-120	0.6104026902	-0.7260617183	1.3204173957	-1.3149154267	0.6467212176	1.3673800865
row-121	0.3378370268	-0.2660173481	-0.8697774786	0.8714932654	0.3158313249	-0.8520974226
row-122	0.1178823191	-0.0199275653	-1.1624438183	1.1623291108	0.0876072945	-1.1607353930
row-123	-0.6181392610	0.4982882722	1.4552446421	-1.4584971191	-0.5814581207	1.4221882683
row-124	-1.3607569271	1.2769790234	1.0818195041	-1.0907416252	-1.3358243528	0.9980314232
row-125	-0.6741440847	0.7339695551	-0.6580721170	0.6526602353	-0.6932034182	-0.7057831197
row-126	1.1179219277	-1.1261416876	0.0191182204	-0.0110342631	1.1213224590	0.0926686583
row-127	-1.3343688215	1.4368675138	-1.1149992486	1.1044430028	-1.3671598618	-1.2084621162
row-128	1.4469711958	-1.3920566698	-0.7477041446	0.7575259765	1.4310517020	-0.6565163664
row-129	0.0157840306	-0.1444608113	1.5151607411	-1.5137884100	0.0556844824	1.5240663732
row-130	1.3888903830	-1.2884052281	-1.2806451827	1.2896052091	1.3588001946	-1.1960411874
row-131	-0.2522960640	0.2746107944	-0.2454004605	0.2433758142	-0.2594057835	-0.2632515625
row-132	0.0451308211	0.0229421109	-0.8052733593	0.8049302498	0.0240633611	-0.8064900807
row-133	-0.2179391128	0.3332954459	-1.3441420750	1.3414528238	-0.2538645269	-1.3654418236
row-134	1.4228393040	-1.4727014444	0.4886061430	-0.4779316539	1.4393810454	0.5846288129
row-135	0.1628608884	-0.0337431306	-1.5327797452	1.5326820667	0.1229599677	-1.5300393172
row-136	-1.7378563860	1.7192617925	0.3399573201	-0.3522171340	-1.7334175003	0.2275399061
row-137	-0.8943286199	0.8599671892	0.4670873223	-0.4731537813	-0.8843589352	0.4107526755
row-138	-0.8932169395	0.8952190196	0.0385218594	-0.0449362405	-0.8945187036	-0.0199653828
row-139	-0.2424341689	0.1881049749	0.6570447572	-0.6582487037	-0.2257775774	0.6445282145
row-140	0.1176039799	-0.1923858157	0.8730110971	-0.8714372657	0.1408752245	0.8852718082
row-141	0.5633513628	-0.5307260297	-0.4236142919	0.4273281839	0.5536674562	-0.3888001758
row-142	0.2211637731	-0.1648094635	-0.6794285166	0.6804603631	0.2038631974	-0.6684257529
row-143	0.0121128044	-0.0589707104	0.5513061856	-0.5507608795	0.0266474872	0.5549650933
row-144	-0.9284804900	1.0475331116	-1.3382869146	1.3304745263	-0.9660935516	-1.4062411648
row-145	0.0716626331	-0.0954418529	0.2752182659	-0.2744724918	0.0790885828	0.2813560071
row-146	-0.7875086386	0.8478960280	-0.6568102259	0.6505812367	-0.8068286094	-0.7119631000
row-147	-0.4203568900	0.5096050174	-1.0224210420	1.0185381406	-0.4483433995	-1.0553495359
row-148	-1.6664585583	1.5795845730	1.1395602197	-1.1506406428	-1.6407993511	1.0359863953
row-149	1.1074439389	-1.0997472360	-0.1677042349	0.1755574067	1.1059025480	-0.0958124462
row-150	-0.2779213120	0.2938428802	-0.1682849067	0.1661393706	-0.2830687612	-0.1874191936
row-151	-0.7871588057	0.6272705549	1.9387757480	-1.9428464477	-0.7381954350	1.8971253189
row-152	-0.6309134871	0.5600793818	0.8785442153	-0.8823678631	-0.6094367937	0.8416535982
row-153	0.6498159270	-0.6531924325	-0.0054005340	0.0100857911	0.6513581378	0.0372664665
row-154	1.5261376672	-1.4928357570	-0.4985377894	0.5091379135	1.5169782214	-0.4008545365
row-155	-1.7548323264	1.6913345110	0.8702533520	-0.8821952443	-1.7364868712	0.7594745090
row-156	1.1707045897	-1.0470285019	-1.5387423340	1.5459133439	1.1332590800	-1.4698142204
row-157	-0.3323077076	0.3345790038	-0.0036554353	0.0012541238	-0.3332651930	-0.0255081297
row-158	1.0031928268	-1.0464344538	0.4397752986	-0.4321699680	1.0173622704	0.5079722232
row-159	0.9305654918	-0.9503162835	0.1680222868	-0.1611668147	0.9373976461	0.2300360820
row-160	-1.0699048275	1.1556237598	-0.9356660627	0.9271674073	-1.0972926506	-1.0108214574
row-161	-1.6054745459	1.6720670999	-0.6730481366	0.6609023746	-1.6273418075	-0.7820283920
row-162	-1.4609788991	1.3976882512	0.8473779646	-0.8572181064	-1.4424735796	0.7557874626
row-163	-0.7364835233	0.5625964361	2.1002066455	-2.1037775435	-0.6831420207	2.0627240961
row-164	1.2447313826	-1.0996330969	-1.7963177938	1.8038091280	1.2007016730	-1.7238635231
row-165	0.3827601224	-0.4051701964	0.2374516152	-0.2344920075	0.3899988854	0.2638333553
row-166	0.1856451800	-0.3475025995	1.8943316846	-1.8914185396	0.2359608034	1.9163668734
row-167	1.0238152785	-0.9075572228	-1.4411176952	1.4473096823	0.9885572654	-1.3813337065
row-168	-1.0192459404	0.9286887928	1.1379541969	-1.1443649995	-0.9919514473	1.0768960327
row-169	-0.6925419304	0.8204946282	-1.4595675523	1.4533572105	-0.7327340000	-1.5126496996
row-170	-0.4764945886	0.4493380380	0.3531331613	-0.3562787433	-0.4684397112	0.3236597971
row-171	1.5473884055	-1.5946996859	0.4498871692	-0.4383459632	1.5632343853	0.5538920490
row-172	-1.9808428798	2.0327224802	-0.4735758711	0.4588867355	-1.9984355291	-0.6061831582
row-173	-1.9281061904	1.9454700164	-0.0705277017	0.0565539203	-1.9349591061	-0.1975768951
row-174	0.3261349787	-0.2009879826	-1.4973443101	1.4984544170	0.2875894594	-1.4836922124
row-175	1.6426609225	-1.7246754246	0.8521862237	-0.8396233033	1.6693371791	0.9645400508
row-176	-1.6462211478	1.6278429563	0.3310351433	-0.3426410331	-1.6417794661	0.2245921314
row-177	-0.4192165750	0.4587592660	-0.4367980671	0.4334097848	-0.4317940652	-0.4666103672
row-178	0.3227984601	-0.3056278480	-0.2247763490	0.2269193079	0.3177219119	-0.2047347410
row-179	-0.3692786799	0.3293727969	0.4959087999	-0.4981620188	-0.3571898872	0.4742213399
row-180	-0.2288559707	0.1044131833	1.4822816180	-1.4827021694	-0.1904545664	1.4749428476
row-181	-1.7224736526	1.7778146354	-0.5323296564	0.5194563819	-1.7409422684	-0.6482663559
row-182	0.2549533166	-0.2312704658	-0.2967952101	0.2983887131	0.2478063079	-0.2815852615
row-183	-1.7810833977	1.7706311902	0.2470177567	-0.2596667324	-1.7792015276	0.1312775297
row-184	0.6519228916	-0.5600537496	-1.1278708054	1.1316390005	0.6239415847	-1.0908946101
row-185	-1.3946196663	1.3161747274	1.0213334756	-1.0305502219	-1.3713660764	0.9350063837
row-186	-1.6083532136	1.6407685518	-0.2701219316	0.2582900447	-1.6196281018	-0.3771988389
row-187	-0.6652106464	0.6019837591	0.7912898146	-0.7954334553	-0.6461182627	0.7516926295
row-188	-0.3829553800	0.3989717287	-0.1620977994	0.1591993677	-0.3882123060	-0.1881010394
row-189	1.2479933040	-1.3467203586	1.0765627447	-1.0666617972	1.2795493098	1.1641508469
row-190	-0.3773557855	0.2949472195	0.9972993519	-0.9991944335	-0.3520977785	0.9776850330
row-191	0.8659365018	-0.7983692733	-0.8563923235	0.8619305383	0.8456517267	-0.8039448805
row-192	-0.5354636018	0.4507517129	1.0354351167	-1.0384395939	-0.5096121578	1.0056306411
row-193	0.6292483491	-0.6689637262	0.4242275342	-0.4193338862	0.6420395343	0.4677743319
row-194	0.6320667341	-0.6184791802	-0.2040616752	0.2084538378	0.6283367342	-0.1635925470
row-195	-0.7773255318	0.7405702125	0.4871593621	-0.4923647352	-0.7665245444	0.4386164422
row-196	-1.9402986199	1.9582693757	-0.0768315902	0.0627645799	-1.9473489749	-0.2047146039
row-197	0.4209961422	-0.4350663565	0.1365202807	-0.1333685510	0.4256787962	0.1648900943
row-198	0.1235549873	-0.0579307677	-0.7818725707	0.7821148865	0.1033064058	-0.7778150406
row-199	-0.0758497370	0.0070427688	0.8160590080	-0.8159286399	-0.0545781591	0.8153134078
row-200	1.6004225103	-1.5652741343	-0.5254612399	0.5365751188	1.5907473274	-0.4230370477
row-201	1.5715038116	-1.6611599144	0.9471789451	-0.9350506716	1.6004946197	1.0553508341
row-202	-0.9743786619	0.8176173085	1.9149491200	-1.9203907806	-0.9265273640	1.8608739926
row-203	-0.4488807116	0.4118392783	0.4676910925	-0.4705422381	-0.4377405696	0.4406269760
row-204	1.1809410611	-1.2076019877	0.2320367836	-0.2233211756	1.1901062118	0.3108335200
row-205	1.3456276733	-1.3747788894	0.2499289017	-0.2400098848	1.3556903720	0.3396390087
row-206	0.6847205591	-0.7598024419	0.8371100418	-0.8314731294	0.7085172813	0.8864457378
row-207	0.0755598954	-0.1849982376	1.2843085271	-1.2826965260	0.1095422220	1.2959427631
row-208	-1.4794823545	1.4051069559	0.9792814464	-0.9891455758	-1.4575549920	0.8871602108
row-209	-0.4229888627	0.5336983650	-1.2751273774	1.2710155957	-0.4576301742	-1.3095411612
row-210	-0.7200303031	0.7669265983	-0.5025307569	0.4969168979	-0.7351167231	-0.5524488742
row-211	0.7587421419	-0.8168940354	0.6324687273	-0.6264675637	0.7773471966	0.6856051370
row-212	0.0270468858	-0.2143359997	2.2050339126	-2.2030073227	0.0851251180	2.2182622175
row-213	1.2822845098	-1.2642323953	-0.3018850814	0.3108886393	1.2776663811	-0.2192025226
row-214	0.0919092457	-0.2352606631	1.6827851471	-1.6807241974	0.1364167276	1.6975629677
row-215	0.2164311044	-0.1565868907	-0.7202225742	0.7211863834	0.1980450870	-0.7097426151
row-216	2.2359189684	-2.2726794199	0.2776822060	-0.2613148776	2.2490193580	0.4260315126
row-217	-0.4752448869	0.4759700831	0.0245026696	-0.0279121766	-0.4758320976	-0.0065952369
row-218	-0.2662652135	0.2947040260	-0.3165919696	0.3144073794	-0.2752839849	-0.3357306042
row-219	0.4959563830	-0.4505930718	-0.5690252385	0.5721319676	0.4822724470	-0.5393943462
row-220	-0.3087729177	0.4300175548	-1.4072102192	1.4038130362	-0.3465929098	-1.4348055750
row-221	1.3199483680	-1.2722601763	-0.6537198628	0.6627030255	1.3061720961	-0.5703898213
row-222	-0.5460992820	0.4353507197	1.3429769390	-1.3458027452	-0.5121848603	1.3140707977
row-223	1.6642584477	-1.6804305274	0.0748324750	-0.0627593160	1.6705407325	0.1845683584
row-224	-1.4685381870	1.2971151247	2.1220781519	-2.1309141467	-1.4165187488	2.0366107836
row-225	-1.6826437127	1.6877879839	0.0563918107	-0.0684886684	-1.6855215157	-0.0538705680
row-226	1.9190386086	-2.0046384775	0.8752152751	-0.8606386012	1.9470370477	1.0058476215
row-227	-0.3131458928	0.2749273591	0.4721225680	-0.4739904305	-0.3015373550	0.4539996898
row-228	0.4932054239	-0.5107136921	0.1720111152	-0.1683087719	0.4990089023	0.2053096283
row-229	0.8979955720	-1.0585477120	1.8294149238	-1.8214146396	0.9484497902	1.8979167523
row-230	-0.9076183074	1.0579431397	-1.7082326465	1.7002635627	-0.9549095084	-1.7767373937
row-231	1.4175605721	-1.3577435111	-0.8034278132	0.8129911064	1.4000989176	-0.7144617954
row-232	-1.4420298510	1.4602294016	-0.1141766346	0.1036746292	-1.4487711650	-0.2095156903
row-233	-0.0872370381	-0.0104365644	1.1569998449	-1.1566684909	-0.0570257983	1.1572766437
row-234	-0.9528072434	0.9753011233	-0.1987987028	0.1917571499	-0.9605066864	-0.2624336832
row-235	1.0809965263	-1.1874976199	1.1797806294	-1.1709991754	1.1148350537	1.2569325269
row-236	-1.1530362114	1.0785707579	0.9576419074	-0.9651680372	-1.1308319946	0.8868568797
row-237	0.0923634550	-0.0891873833	-0.0438479803	0.0444781524	0.0914493406	-0.0380071095
row-238	1.1142084625	-1.1234494759	0.0314103557	-0.0233429894	1.1179227395	0.1047806425
row-239	-1.5964128893	1.7401068876	-1.5822004474	1.5693649870	-1.6421738576	-1.6953067539
row-240	1.3087289589	-1.4451037336	1.5159598477	-1.5052556276	1.3520016676	1.6098203701
row-241	0.1199358343	-0.1165670241	-0.0480364610	0.0488621451	0.1189829990	-0.0404057458
row-242	0.6684626073	-0.5980685411	-0.8759701545	0.8800669334	0.6471509552	-0.8365990688
row-243	1.1072918297	-0.9829582793	-1.5420798697	1.5487904556	1.0695941569	-1.4773355159
row-244	0.5804564032	-0.6078806164	0.2827879712	-0.2783639290	0.5894002527	0.3223944501
row-245	0.5559826674	-0.6062801998	0.5540168043	-0.5495441206	0.5719983364	0.5934238302
row-246	2.2151417927	-2.1727448587	-0.6536212563	0.6690651408	2.2036884017	-0.5114735463
row-247	1.6913332330	-1.7408341285	0.4656786608	-0.4530854847	1.7079677380	0.5792231986
row-248	-0.6242650334	0.5270802659	1.1885839954	-1.1921021574	-0.5946148488	1.1537403096
row-249	1.0052989493	-0.8088138393	-2.3851827790	2.3904570396	0.9451572938	-2.3315181157
row-250	-0.0611020514	0.0530663401	0.0989374910	-0.0992962939	-0.0586576621	0.0954366896
row-251	1.5668862495	-1.5580608159	-0.2129536958	0.2240850957	1.5653453214	-0.1111100247
row-252	-0.4477530417	0.3285494812	1.4357672291	-1.4378062003	-0.4111426657	1.4138046405
row-253	1.4334101407	-1.5001995304	0.6873327097	-0.6764168781	1.4552072080	0.7850819500
row-254	1.2802908096	-1.1202582417	-1.9747681488	1.9823679046	1.2316587500	-1.9009042394
row-255	-0.0588784940	-0.0433220180	1.2083705030	-1.2077918184	-0.0272423356	1.2107773308
row-256	-0.0970755206	0.1639739769	-0.7815450970	0.7801953873	-0.1178873481	-0.7919820173
row-257	0.9841443323	-1.0847348612	1.1168686896	-1.1088384726	1.0160767917	1.1873303632
row-258	-0.3171187386	0.1736803748	1.7122530230	-1.7131195668	-0.2728962169	1.7003093911
row-259	-0.6144232085	0.5533457503	0.7624303908	-0.7662314662	-0.5959583957	0.7260202342
row-260	0.8632482484	-0.8616399173	-0.0789810256	0.0851455184	0.8634079707	-0.0226729386
row-261	1.3292289307	-1.2255698792	-1.3138958914	1.3223977229	1.2981093725	-1.2333845285
row-262	2.2092603045	-2.2124205814	-0.1163904626	0.1322380973	2.2119246729	0.0281607743
row-263	0.9549157583	-0.9757748174	0.1793882255	-0.1723475767	0.9621100324	0.2430609393
row-264	-0.5251124087	0.6613497531	-1.5688322553	1.5637395080	-0.5677449526	-1.6114811677
row-265	-0.4501365167	0.3130531727	1.6466187762	-1.6484998262	-0.4079854181	1.6255945848
row-266	2.0477358624	-2.0188194252	-0.4831330748	0.4975103843	2.0403336214	-0.3510991024
row-267	-1.7443773803	1.7316605241	0.2711506705	-0.2835146941	-1.7417655025	0.1579474774
row-268	-0.7699125687	0.7063210210	0.8028676312	-0.8077572931	-0.7507869867	0.7564513111
row-269	-1.1585919672	0.9454988233	2.5915427899	-2.5977519788	-1.0934188969	2.5288779442
row-270	-1.3142946118	1.1590993176	1.9201328890	-1.9280234286	-1.2671879852	1.8437510846
row-271	-1.5704859608	1.6621821384	-0.9712888747	0.9591479225	-1.6001083939	-1.0795190958
row-272	-1.3720222562	1.3879502236	-0.0922777639	0.0822991937	-1.3780060181	-0.1829033642
row-273	-0.6648174138	0.6175000084	0.6037936470	-0.6080901747	-0.6506564982	0.5632485889
row-274	1.6697459563	-1.6433202453	-0.4274986968	0.4391942481	1.6628275696	-0.3200109844
row-275	0.4900171004	-0.4251238190	-0.7987429488	0.8016160218	0.4702745550	-0.7706952625
row-276	0.9891484709	-0.9900803131	-0.0578039413	0.0648946487	0.9901916274	0.0068861823
row-277	0.5230646434	-0.4951072179	-0.3658086720	0.3692798239	0.5147970164	-0.3333413285
row-278	0.7923992866	-0.7794340237	-0.2078782773	0.2134243951	0.7889844551	-0.1568945927
row-279	1.0849906050	-0.9499856899	-1.6662747208	1.6727212080	1.0439679180	-1.6036406026
row-280	0.5582549872	-0.5431977543	-0.2162468004	0.2200961408	0.5540131160	-0.1806906271
row-281	-0.6242474676	0.5439801415	0.9892366951	-0.9929202983	-0.5998414941	0.9533589083
row-282	0.2990928288	-0.3003300193	-0.0062201872	0.0083735837	0.2997044239	0.0133988939
row-283	-0.4823909788	0.4199080899	0.7698098611	-0.7726519265	-0.4633898137	0.7421129801
row-284	0.0583402044	-0.0174710233	-0.4856374791	0.4856551759	0.0457156872	-0.4843263598
row-285	1.3676453675	-1.2254918860	-1.7701650971	1.7785652266	1.3246222460	-1.6894991559
row-286	-0.8638948121	0.9593325659	-1.0645131607	1.0573942722	-0.8941382680	-1.1268021507
row-287	1.6824081841	-1.7131926461	0.2457548593	-0.2334087533	1.6932339904	0.3575708783
row-288	-0.5474343835	0.6449939110	-1.1115213080	1.1066472820	-0.5780942430	-1.1532619294
row-289	0.4356423988	-0.3059730032	-1.5582488699	1.5600987110	0.3957784915	-1.5377180650
row-290	-0.7086233650	0.8178226957	-1.2374696216	1.2313276831	-0.7430143560	-1.2904549678
row-291	0.6062789783	-0.7084755382	1.1620696308	-1.1567289385	0.6384211411	1.2079390446
row-292	0.3095838228	-0.3087377946	-0.0314972538	0.0337053702	0.3095576426	-0.0113201493
row-293	0.1780989169	-0.2028582768	0.2793662524	-0.2778488790	0.1859098647	0.2925187494
row-294	0.8106872119	-0.8979566277	0.9719618325	-0.9653038135	0.8383579965	1.0302742681
row-295	-0.1702425968	0.1580142834	0.1559303820	-0.1570295203	-0.1665817734	0.1455546641
row-296	-1.0882846233	0.9172838481	2.0906597410	-2.0967775281	-1.0361061194	2.0300131214
row-297	0.0989642527	-0.0193043839	-0.9455511399	0.9454800403	0.0743460190	-0.9439593215
row-298	-1.0229083454	1.0416239078	-0.1494022790	0.1418958303	-1.0294900078	-0.2173866059
row-299	-0.1813192254	0.0262856738	1.8394411667	-1.8392220049	-0.1333987637	1.8370805266
row-300	-0.4961890184	0.5077981777	-0.1022916966	0.0986257260	-0.5001661117	-0.1354241731
row-301	-0.9869075065	1.0113221448	-0.2190605987	0.2117561146	-0.9952283678	-0.2850413033
row-302	0.3946140035	-0.3635279213	-0.3937427759	0.3962636947	0.3852785740	-0.3698601306
row-303	-0.4747516723	0.3878803109	1.0566593463	-1.0592080357	-0.4481845180	1.0309540666
row-304	0.2074131882	-0.1466206344	-0.7307702115	0.7316601778	0.1887263188	-0.7209375354
row-305	-1.3850317921	1.4381697022	-0.5298351526	0.5193992787	-1.4025601560	-0.6235878560
row-306	1.2502349764	-1.1676904437	-1.0596005482	1.0677434828	1.2256004530	-0.9829587356
row-307	1.4835310890	-1.4478190428	-0.5239747294	0.5342462338	1.4735920365	-0.4292229688
row-308	-0.3016628500	0.2759662703	0.3237720431	-0.3256802447	-0.2939272264	0.3056332211
row-309	-0.8958502622	0.9123247967	-0.1318306819	0.1252558097	-0.9016403393	-0.1913756211
row-310	0.3368604862	-0.3726947706	0.3988271374	-0.3960647584	0.3482256081	0.4230311796
row-311	-0.1029740870	0.0377721351	0.7754656222	-0.7755647263	-0.0828407096	0.7727270523
row-312	0.1074159174	-0.2376184958	1.5267679461	-1.5247246643	0.1478592258	1.5417543738
row-313	1.4616363213	-1.4697976392	-0.0054719408	0.0160160726	1.4652808426	0.0905339627
row-314	0.4993657269	-0.4278958676	-0.8768879176	0.8797635566	0.4775916423	-0.8486318201
row-315	1.5992813437	-1.5541545481	-0.6429622420	0.6539702946	1.5865120881	-0.5412232373
row-316	-0.9324574793	0.9587728930	-0.2452447138	0.2383114500	-0.9413260385	-0.3077838522
row-317	0.7969142080	-0.6605198505	-1.6626146579	1.6669851283	0.7552411302	-1.6188891002
row-318	-1.7719694922	1.6706578853	1.3170225406	-1.3287170481	-1.7419152374	1.2074379019
row-319	0.3918552643	-0.3647399109	-0.3467619924	0.3493020212	0.3837486142	-0.3228166237
row-320	0.5461661808	-0.5737827897	0.2874395640	-0.2832591321	0.5551435222	0.3248172191
row-321	-0.9932832152	1.0731808542	-0.8723992365	0.8645061080	-1.0188080707	-0.9421917801
row-322	0.1609286005	-0.1450668940	-0.1980966578	0.1990935554	0.1561343618	-0.1885518790
row-323	-0.4416651837	0.4763911887	-0.3784797649	0.3749779065	-0.4527666719	-0.4094641524
row-324	0.3619383306	-0.3641587174	0.0009950667	0.0016178803	0.3629026300	0.0247807747
row-325	-0.4070270292	0.4573701149	-0.5649117886	0.5615050737	-0.4229432300	-0.5945885185
row-326	0.2300431011	-0.0973122320	-1.5800264918	1.5803744287	0.1890733861	-1.5731173341
row-327	-0.3346558747	0.2688230823	0.7990099987	-0.8007616030	-0.3145036171	0.7811714435
row-328	0.2508441786	-0.2627753744	0.1231474063	-0.1212347756	0.2547340071	0.1402682271
row-329	-0.3799179998	0.4354934282	-0.6284520468	0.6251882052	-0.3974354979	-0.6566776030
row-330	0.8027121859	-0.7265551388	-0.9532136022	0.9582151101	0.7797164465	-0.9054230196
row-331	-1.4483209801	1.4474037844	0.1115223550	-0.1218823093	-1.4491411061	0.0169420569
row-332	0.3890165799	-0.3858539057	-0.0643190363	0.0670731613	0.3883328375	-0.0390933889
row-333	-0.2425463498	0.3049307500	-0.7182379973	0.7158909996	-0.2620698003	-0.7379040622
row-334	0.6063304467	-0.6238401029	0.1641608843	-0.1596486340	0.6122206212	0.2048513160
row-335	-1.1543211220	1.1555145302	0.0662077086	-0.0744834926	-1.1555713169	-0.0092911596
row-336	-0.8640833242	0.8632845461	0.0694997552	-0.0756781494	-0.8644946360	0.0130875626
row-337	2.0063845603	-2.0386236518	0.2403664819	-0.2256867033	2.0179083409	0.3734408329
row-338	0.6715881488	-0.5659063826	-1.2919988788	1.2957726821	0.6393400734	-1.2545829652
row-339	0.2569000953	-0.1783656047	-0.9432729672	0.9443435878	0.2327511539	-0.9312924127
row-340	1.2444766819	-1.3528198707	1.1901186678	-1.1801487860	1.2790109041	1.2780654377
row-341	-0.4627778796	0.4104547055	0.6487293445	-0.6515304250	-0.4469111602	0.6216923105
row-342	-0.3755768792	0.4675767403	-1.0579599518	1.0543707124	-0.4043822486	-1.0881308130
row-343	-1.9632767973	1.9437337242	0.3668091781	-0.3806735567	-1.9587157921	0.2397203484
row-344	0.1511088319	-0.1403751990	-0.1369873266	0.1379641090	0.1478967525	-0.1277703845
row-345	-1.1120717475	1.0574621964	0.7208219528	-0.7282491316	-1.0959914082	0.6514985661
row-346	1.1887560445	-1.1747169642	-0.2480937688	0.2564670052	1.1853105912	-0.1712769879
row-347	-0.8102615189	0.8648169619	-0.5865074796	0.5801726721	-0.8277909999	-0.6427901950
row-348	-0.4088577803	0.5197548837	-1.2783206280	1.2743081786	-0.4435464702	-1.3118225363
row-349	0.1149130401	-0.1223226436	0.0793198801	-0.0784246699	0.1172975666	0.0872819713
row-350	-1.0029008430	1.1114701473	-1.2095820035	1.2013394170	-1.0373209400	-1.2817575226
row-351	1.3986937220	-1.4222213274	0.1799731270	-0.1697292325	1.4070536287	0.2728065522
row-352	-0.1087563842	0.2052274670	-1.1292008331	1.1274780766	-0.1387443147	-1.1422106788
row-353	0.5609358828	-0.6149751634	0.5977631226	-0.5932183579	0.5781152306	0.6377227755
row-354	1.2825370788	-1.2783730858	-0.1382524509	0.1473937368	1.2822243108	-0.0547035166
row-355	-1.8176921624	1.8164263205	0.1413162706	-0.1543172433	-1.8186858834	0.0226217957
row-356	1.6613395222	-1.5474106851	-1.4580041481	1.4687831432	1.6272896989	-1.3564204119
row-357	0.3598543256	-0.2007715240	-1.8995704930	1.9005898844	0.3108147857	-1.8857917739
row-358	-0.2226728425	0.0947861550	1.5224327287	-1.5227753088	-0.1831991512	1.5157087239
row-359	-0.2593186183	0.3501471810	-1.0522424675	1.0494970164	-0.2876722427	-1.0747450859
row-360	0.0761357295	-0.1024301749	0.3045452847	-0.3037428705	0.0843447831	0.3111292248
row-361	0.6169109987	-0.6013027245	-0.2268188506	0.2310827327	0.6125430400	-0.1874636872
row-362	1.0407840593	-1.0653524817	0.2171261933	-0.2094344869	1.0491936766	0.2866367190
row-363	1.4895396198	-1.4278399247	-0.8306171089	0.8406772951	1.4715492581	-0.7370630306
row-364	0.8372249321	-0.9661657146	1.4611495211	-1.4538936835	0.8778336282	1.5237460336
row-365	-0.4889803302	0.5162999698	-0.2879168750	0.2841487587	-0.4978220060	-0.3215397101
row-366	0.5454109708	-0.5205487954	-0.3308898391	0.3345512670	0.5381198786	-0.2967729270
row-367	-1.3546328193	1.3471412439	0.1824763585	-0.1921012314	-1.3533435147	0.0944201611
row-368	0.0164043956	-0.1005286287	0.9901342154	-0.9891934680	0.0424945108	0.9963540271
row-369	-0.9944031116	1.1692425469	-1.9910646961	1.9822343773	-1.0493597549	-2.0667403010
row-370	-1.4732639529	1.4543054440	0.3258460440	-0.3362080059	-1.4685104870	0.2307399414
row-371	-0.4160371985	0.4817660790	-0.7455832046	0.7419614064	-0.4367297008	-0.7767901996
row-372	0.6697528078	-0.4724212179	-2.3718237434	2.3746874521	0.6090928751	-2.3401361903
row-373	-1.2494174640	1.3183614910	-0.7255164467	0.7158967826	-1.2717421383	-0.8113750588
row-374	-0.6358042111	0.6266073015	0.1525845722	-0.1570464625	-0.6334381137	0.1116025472
row-375	0.7868938962	-0.6761514272	-1.3596497256	1.3641995067	0.7531649862	-1.3150091707
row-376	0.6197393632	-0.5215777613	-1.1997797813	1.2032559828	0.5897829193	-1.1652915892
row-377	-1.6879826012	1.6704006440	0.3245567878	-0.3364694520	-1.6838195896	0.2153362674
row-378	-1.6258772125	1.5559816301	0.9366738213	-0.9476298749	-1.6054501811	0.8347126905
row-379	-0.2862473409	0.4261878120	-1.6290783282	1.6256594404	-0.3298456627	-1.6563458902
row-380	-0.5984511069	0.6244476303	-0.2647135066	0.2601746078	-0.6069661102	-0.3054084321
row-381	1.6507960005	-1.5693926471	-1.0740080631	1.0850298934	1.6268206864	-0.9711228933
row-382	1.4131347633	-1.2430847711	-2.1020459358	2.1104987200	1.3614987130	-2.0201147231
row-383	0.1505572718	-0.2475995371	1.1330245550	-1.1309969444	0.1807541388	1.1488007141
row-384	-0.5928709257	0.6443050624	-0.5648447729	0.5600968723	-0.6092670597	-0.6067317109
row-385	0.5991758052	-0.6982157896	1.1253681805	-1.1201092344	0.6303340469	1.1705802936
row-386	0.4578620140	-0.5102328164	0.5852703088	-0.5814798074	0.4744455504	0.6183927910
row-387	-0.0049864573	-0.0393807021	0.5231456236	-0.5227471122	0.0087630815	0.5255348094
row-388	-0.4719449027	0.5258857004	-0.6027909858	0.5988842960	-0.4890258599	-0.6369297490
row-389	1.3765600677	-1.2735733000	-1.3092654130	1.3181126806	1.3456850036	-1.2256201913
row-390	-1.4940870635	1.3628564156	1.6502488821	-1.6596611419	-1.4545463234	1.5606525534
row-391	-1.1370827235	1.0749630767	0.8110561378	-0.8185888775	-1.1186934081	0.7405580540
row-392	0.8084615740	-0.8001412345	-0.1542619380	0.1599685089	0.8064988673	-0.1019444666
row-393	-0.6673927615	0.6474039133	0.2819476353	-0.2865300587	-0.6617053679	0.2395619499
row-394	0.2477111522	-0.2491524786	-0.0002417353	0.0020292739	0.2483468451	0.0160324479
row-395	0.8086604810	-0.7068400371	-1.2560309791	1.2608239110	0.7777139012	-1.2094221725
row-396	1.4033239570	-1.3448754917	-0.7863110154	0.7957857788	1.3862756960	-0.6981914987
row-397	-0.8187098123	0.9038954178	-0.9468494426	0.9401543813	-0.8457407560	-1.0055585752
row-398	-0.4504946521	0.5753073008	-1.4393985897	1.4349518623	-0.4895287621	-1.4764726917
row-399	0.3663140414	-0.4622731333	1.1052575364	-1.1016958641	0.3963396661	1.1350654256
row-400	0.1288784958	-0.0010712905	-1.5149737980	1.5146456563	0.0893579183	-1.5143736549
row-401	1.1010313291	-0.9500038818	-1.8561911220	1.8625956405	1.0550540619	-1.7934893538
row-402	-1.6670717787	1.7602526370	-0.9820670895	0.9692201225	-1.6972281004	-1.0966992907
row-403	-1.4960636545	1.5946785787	-1.0579909263	1.0463150719	-1.5277740723	-1.1617816200
row-404	1.8804358784	-1.8857724629	-0.0678799380	0.0813947267	1.8835241269	0.0553183771
row-405	-1.1625656775	1.0361996686	1.5698729542	-1.5769593697	-1.1242801147	1.5016412622
row-406	-1.5219506728	1.4748750919	0.6605481983	-0.6709835469	-1.5085183446	0.5639814012
row-407	-1.5546254327	1.5494567012	0.1690124703	-0.1800918789	-1.5542086931	0.0677461786
row-408	-1.4037195319	1.4406820350	-0.3379332861	0.3275219263	-1.4162479446	-0.4319172460
row-409	-0.9942487844	1.0724786887	-0.8526803981	0.8447966786	-1.0192573965	-0.9224339784
row-410	0.3120881202	-0.2532514081	-0.7150025956	0.7166611000	0.2940873627	-0.6982105469
row-411	0.5839078883	-0.4286031363	-1.8706324100	1.8732928377	0.5362103596	-1.8419823519
row-412	-0.0152057837	-0.0708572904	1.0151786169	-1.0144452006	0.0114612464	1.0194515970
row-413	-0.7045148922	0.7865593322	-0.9177766159	0.9119298495	-0.7304850267	-0.9688317844
row-414	1.1070136081	-0.9982515193	-1.3585747485	1.3654357368	1.0741427085	-1.2928956915
row-415	-0.6441504030	0.5614207995	1.0196348838	-1.0234368799	-0.6189963275	0.9826072731
row-416	0.2428464855	-0.3172216796	0.8595102259	-0.8570437284	0.2660871818	0.8799296691
row-417	-0.2935465689	0.3075726272	-0.1448626700	0.1426238192	-0.2981183457	-0.1649019507
row-418	-1.0576503464	1.1514927705	-1.0322411074	1.0237506825	-1.0875470195	-1.1070928781
row-419	1.8565996663	-1.7054668991	-1.9099735275	1.9217863380	1.8111659252	-1.7979077350
row-420	-0.3788733676	0.3952990648	-0.1672052004	0.1643319868	-0.3842540744	-0.1929667626
row-421	-0.2399054896	0.1385244471	1.2113027258	-1.2120280836	-0.2086614037	1.2018307115
row-422	1.3304673971	-1.3490522438	0.1264746847	-0.1167676150	1.3372430745	0.2145475863
row-423	-0.6661834546	0.7648678421	-1.1165183796	1.1107831874	-0.6972825631	-1.1660871570
row-424	-0.3436605186	0.3515803171	-0.0694249032	0.0668870333	-0.3463776362	-0.0923650703
row-425	-1.0475910092	1.0562124676	-0.0287423535	0.0211579834	-1.0510624304	-0.0977217987
row-426	-2.1505579036	2.1310322526	0.3796272030	-0.3948325493	-2.1461451141	0.2402999546
row-427	0.3589312287	-0.2877351631	-0.8638960229	0.8657689320	0.3371349259	-0.8447994646
row-428	-1.7187266890	1.6917369339	0.4375511549	-0.4495918527	-1.7116708060	0.3268974518
row-429	-0.9850921819	0.9880766098	0.0333353008	-0.0404170562	-0.9867685246	-0.0312153824
row-430	-0.8372664466	0.7137317854	1.5138889257	-1.5186741437	-0.7996105075	1.4667397270
row-431	-1.6967427461	1.6217361046	1.0018277174	-1.0132410962	-1.6747853814	0.8955488464
row-432	2.0765586412	-2.0828808792	-0.0699036813	0.0848322135	2.0801019891	0.0661700355
row-433	-1.6586839777	1.6885697025	-0.2368143754	0.2246469133	-1.6692130937	-0.3470252060
row-434	1.5666043899	-1.5085788981	-0.7926812592	0.8033291320	1.5498117589	-0.6938667623
row-435	0.5211168235	-0.6112169359	1.0254536452	-1.0208410374	0.5494442757	1.0650181475
row-436	1.5693535299	-1.5645783760	-0.1653989377	0.1765876406	1.5690700263	-0.0631461956
row-437	-1.0052908005	1.0845409732	-0.8639348470	0.8559620895	-1.0306241051	-0.9344723710
row-438	-0.8253728017	0.8110827345	0.2257820035	-0.2315512223	-0.8215724398	0.1727248285
row-439	-0.7023939639	0.7583356846	-0.6103436233	0.6047675023	-0.7202709194	-0.6596628714
row-440	0.3021774876	-0.2376027142	-0.7819276664	0.7834590608	0.2823904353	-0.7661343359
row-441	-0.1488355950	0.1528315919	-0.0367368297	0.0356321666	-0.1501878086	-0.0467066011
row-442	-1.3864424516	1.2218724480	2.0356165285	-2.0439318465	-1.3364847839	1.9550941059
row-443	-1.1382361437	1.2280441626	-0.9790979881	0.9700701109	-1.1669436470	-1.0589685270
row-444	-0.2368492787	0.3650443189	-1.4941115398	1.4911612560	-0.2767689740	-1.5174325736
row-445	0.0563975804	-0.0648044222	0.0951399022	-0.0946538606	0.0590466179	0.0993394918
row-446	-0.5210036314	0.5698433398	-0.5392709891	0.5350629974	-0.5365407166	-0.5763031989
row-447	0.8867519628	-0.7567780890	-1.5932063293	1.5982828088	0.8471376734	-1.5432176822
row-448	0.3210310320	-0.4860500579	1.9221717820	-1.9182584302	0.3724299606	1.9532468470
row-449	-1.3203045622	1.4173846578	-1.0521274164	1.0417248910	-1.3514051710	-1.1443397083
row-450	-0.0615698979	0.1839892817	-1.4382430251	1.4366041400	-0.0995655391	-1.4497574886
row-451	-0.2023162234	0.0921667871	1.3120108724	-1.3123813040	-0.1683253655	1.3055315966
row-452	-0.1386489839	0.1942178921	-0.6451527918	0.6436163257	-0.1559804762	-0.6576129097
row-453	-1.0934107908	1.0680909324	0.3743902216	-0.3819704526	-1.0863957103	0.3044938236
row-454	-0.4453598570	0.3932168266	0.6453953980	-0.6480735411	-0.4295356977	0.6194854715
row-455	0.5951011844	-0.5643754062	-0.4034387997	0.4073985879	0.5860303308	-0.3664338399
row-456	0.7231164488	-0.8973821039	2.0031685464	-1.9962860594	0.7776883512	2.0610825821
row-457	-0.5389492573	0.4178275845	1.4647109193	-1.4673840174	-0.5018138307	1.4369067501
row-458	-0.9496972225	0.8052663748	1.7679367172	-1.7733223523	-0.9056494271	1.7147197733
row-459	0.7628307056	-0.8870112661	1.4102309015	-1.4035542599	0.8019070533	1.4676750365
row-460	-0.4000710979	0.3783182421	0.2841445084	-0.2867958381	-0.3936330294	0.2593341456
row-461	-0.0587396799	0.0564648049	0.0308906006	-0.0312888706	-0.0580792863	0.0271916320
row-462	1.4027806547	-1.4061686835	-0.0576250704	0.0677011231	1.4049006262	0.0342429790
row-463	-1.7229689671	1.7385924836	-0.0642858377	0.0517977224	-1.7291259741	-0.1778244245
row-464	-1.2408224139	1.1152004999	1.5665468235	-1.5742007829	-1.2028271888	1.4931561328
row-465	-0.8331904459	0.8344984218	0.0425266378	-0.0485044796	-0.8342312707	-0.0119958684
row-466	0.2110142869	-0.1306948300	-0.9611152073	0.9618398496	0.1862770340	-0.9522421603
row-467	-1.5308441048	1.5451990991	-0.0626983965	0.0515981710	-1.5364613749	-0.1636055031
row-468	-1.2025347916	1.0692207324	1.6545244705	-1.6618290370	-1.1621258874	1.5841062903
row-469	-0.0694917641	0.1669908192	-1.1440443251	1.1425926144	-0.0997684129	-1.1545514415
row-470	-0.4535973501	0.4117843733	0.5242443997	-0.5270826151	-0.4409816778	0.4971640785
row-471	-1.1190822933	1.0456855721	0.9426874201	-0.9499809238	-1.0971834797	0.8740556146
row-472	0.2277560956	-0.2300861859	0.0116186348	-0.0099652618	0.2286520786	0.0266432986
row-473	-0.3522197032	0.3209005152	0.3935415181	-0.3957566430	-0.3427796848	0.3724432728
row-474	-0.4623063922	0.4101796938	0.6463813936	-0.6491810215	-0.4465002186	0.6193631444
row-475	0.3100436802	-0.2453012279	-0.7844505108	0.7860365804	0.2902106478	-0.7681534471
row-476	-0.8012732725	0.9057692980	-1.1756056199	1.1688464052	-0.8342769417	-1.2343570965
row-477	1.4275149014	-1.3443040003	-1.0797805220	1.0891861310	1.4028089994	-0.9915956335
row-478	0.4867556256	-0.4623295037	-0.3216727906	0.3249185563	0.4795549765	-0.2913618617
row-479	-1.0056361090	0.9545627782	0.6717516104	-0.6784513951	-0.9905707952	0.6091665625
row-480	0.0986707621	-0.0974851196	-0.0208324302	0.0215272379	0.0983784691	-0.0144576237
row-481	-0.3004636205	0.3635963995	-0.7230289913	0.7202600237	-0.3202632264	-0.7465252924
row-482	-1.3706278057	1.3864689293	-0.0913514101	0.0813836731	-1.3765835836	-0.1818805797
row-483	0.1819462614	-0.0800442675	-1.2134109190	1.2137162322	0.1504964882	-1.2077579652
row-484	0.0897966028	-0.1383436584	0.5658081769	-0.5646901797	0.1049141431	0.5746464781
row-485	-0.1293116965	0.1542302323	-0.2846345051	0.2834648552	-0.1371347834	-0.2946088803
row-486	-0.2744842819	0.2258054061	0.5926931584	-0.5941818588	-0.2596036686	0.5777366254
row-487	-0.1587593800	0.0176116319	1.6742495014	-1.6740047245	-0.1151261643	1.6725132402
row-488	0.3917816079	-0.3705053640	-0.2779519276	0.2805485751	0.3854849626	-0.2536540522
row-489	-0.2801796385	0.2127737043	0.8137588452	-0.8151050430	-0.2594981820	0.7995761522
row-490	-0.2057099539	0.0628392337	1.6978169724	-1.6978914654	-0.1615784386	1.6931182950
row-491	0.0089101896	0.0969448761	-1.2479590685	1.2469868808	-0.0238969455	-1.2538545708
row-492	0.2424236024	-0.1572715503	-1.0202440919	1.0211463068	0.2162122490	-1.0096144190
row-493	-0.5254948734	0.3731812956	1.8313240380	-1.8335955447	-0.4786800325	1.8063077702
row-494	-0.1712435685	0.3031258525	-1.5421221959	1.5396055154	-0.2122562406	-1.5613820486
row-495	0.1294485619	-0.0529841336	-0.9100176229	0.9101960419	0.1058441268	-0.9062383515
row-496	-0.4698566387	0.4108548889	0.7279183562	-0.7307047539	-0.4519250309	0.7008274707
row-497	-0.8019741621	0.8043284892	0.0280262500	-0.0337908462	-0.8033155400	-0.0245205473
row-498	0.3147027580	-0.2283457765	-1.0394685466	1.0408764356	0.2881730073	-1.0241897320
row-499	1.4178992609	-1.4158048659	-0.1232783498	0.1334089857	1.4183312691	-0.0307579104
row-500	-0.8667516707	0.8708697727	0.0117474251	-0.0179930430	-0.8686891971	-0.0451400075
row-501	0.1100271189	-0.0781516538	-0.3832545900	0.3837303470	0.1002299716	-0.3780157729
row-502	-1.6653243545	1.7540995105	-0.9302741635	0.9174828244	-1.6941136234	-1.0445225809
row-503	1.5323217719	-1.5340723230	-0.0859283737	0.0969158215	1.5340329272	0.0143039684
row-504	0.4361203684	-0.3611710833	-0.9134895984	0.9158783940	0.4132194702	-0.8895790100
row-505	-0.8689212860	0.9170290119	-0.5064518966	0.4997602298	-0.8844967763	-0.5661730052
row-506	-0.1952255116	0.3561633832	-1.8828300180	1.8798572841	-0.2452633908	-1.9054349355
row-507	-0.6417721711	0.6287957639	0.1975351557	-0.2020027833	-0.6382390212	0.1563944546
row-508	1.0695228855	-0.9813006941	-1.1139365235	1.1207301244	1.0429905434	-1.0494502693
row-509	0.5415768438	-0.6890139434	1.6996592608	-1.6943390307	0.5876937464	1.7440693547
row-510	-1.5788480333	1.5967626616	-0.1013050808	0.0898263446	-1.5856053579	-0.2055666968
row-511	-1.1818098257	1.0784024803	1.3006785629	-1.3081274435	-1.1506558762	1.2297844801
row-512	-0.0653320570	0.0435273378	0.2614782634	-0.2617325961	-0.0586226493	0.2585436473
row-513	0.1545660881	-0.0644310529	-1.0728513863	1.0730758377	0.1267430660	-1.0682674429
row-514	-0.0747946746	0.0698195573	0.0638252582	-0.0643120437	-0.0733094780	0.0592424606
row-515	1.0723350500	-1.2033644228	1.4694110579	-1.4604515614	1.1137704746	1.5474979836
row-516	-0.8877852927	0.7702005183	1.4472916659	-1.4524967924	-0.8520122786	1.3964773581
row-517	0.2267418449	-0.1886851297	-0.4642073462	0.4654582018	0.2151175799	-0.4517203929
row-518	-0.4745532154	0.3993362726	0.9193161116	-0.9219774391	-0.4515986539	0.8929106169
row-519	-0.2334096590	0.2988127180	-0.7544436136	0.7521324852	-0.2538618938	-0.7736973918
row-520	-0.3377345890	0.3288710328	0.1279290871	-0.1302602770	-0.3352445285	0.1064031766
row-521	-0.4123486291	0.5355355032	-1.4228939623	1.4187362438	-0.4508496775	-1.4573760326
row-522	-1.4760245022	1.4825794888	0.0254006283	-0.0360320483	-1.4791820501	-0.0714471319
row-523	1.3165422362	-1.1888786454	-1.5958703224	1.6040463996	1.2779718550	-1.5176568735
row-524	-0.2289243565	0.2235028809	0.0798029099	-0.0813887840	-0.2274183284	0.0651762601
row-525	-0.5723435789	0.6134758527	-0.4448805806	0.4403804628	-0.5855305928	-0.4847958034
row-526	-0.5040013822	0.5428831095	-0.4231137844	0.4191249728	-0.5164386352	-0.4584256599
row-527	1.3616640217	-1.3786710321	0.1057129292	-0.0957979561	1.3679743764	0.1957277312
row-528	-0.8724196624	0.8058686103	0.8448690760	-0.8504636505	-0.8524548349	0.7919358251
row-529	1.7885346857	-1.9236128406	1.4673160228	-1.4531894304	1.8317713419	1.5924487435
row-530	-0.4198692707	0.5311016219	-1.2815052835	1.2774107188	-0.4546702808	-1.3157472217
row-531	0.9115757488	-1.0831731435	1.9586219467	-1.9504163410	0.9654642327	2.0286870386
row-532	-1.3259160549	1.4666541154	-1.5661793027	1.5553093330	-1.3705544415	-1.6614298748
row-533	-0.0168163590	-0.1503293631	1.9707251606	-1.9692097384	0.0349841900	1.9798546879
row-534	0.3073683507	-0.3502598156	0.4840360273	-0.4814157237	0.3208986326	0.5067448479
row-535	0.9758896696	-0.8328231590	-1.7536814926	1.7592679991	0.9322847776	-1.6986695881
row-536	1.1966326315	-1.3241979880	1.4199494297	-1.4101339539	1.2370890341	1.5059462506
row-537	-1.4795456883	1.3893809285	1.1653392360	-1.1750492921	-1.4527238422	1.0741800790
row-538	0.4483301231	-0.4546126434	0.0428534861	-0.0395822811	0.4506195200	0.0725327996
row-539	-0.9911827746	1.0378655805	-0.4811594755	0.4736064503	-1.0064097881	-0.5487822174
row-540	-1.0308978234	0.9472906282	1.0568699350	-1.0634321742	-1.0057666261	0.9946251150
row-541	1.1222490448	-1.1204660508	-0.0990497830	0.1070668248	1.1225521299	-0.0258287122
row-542	-1.4734845265	1.4461321966	0.4247696780	-0.4350510708	-1.4661292347	0.3301628156
row-543	-0.2694684410	0.3428528571	-0.8459841687	0.8433367739	-0.2924223079	-0.8680825182
row-544	-0.7047648854	0.7271547557	-0.2148216969	0.2095569658	-0.7122429368	-0.2622426884
row-545	-1.8298676277	1.9307215074	-1.0611612271	1.0470736656	-1.8625266466	-1.1869004054
row-546	1.8367742314	-1.8604439593	0.1511841973	-0.1378025723	1.8455122618	0.2726514474
row-547	0.6177543631	-0.5884948286	-0.3877366442	0.3918729625	0.6091553039	-0.3491617511
row-548	-1.6025056368	1.6105650062	0.0164691425	-0.0280207989	-1.6062259779	-0.0887352281
row-549	0.0332747841	-0.1253779631	1.0829806971	-1.0818410820	0.0618511515	1.0907911215
row-550	0.1374599602	-0.0566950742	-0.9612490195	0.9614427067	0.1125285388	-0.9572094289
row-551	0.9711299296	-0.8449900823	-1.5538957609	1.5596138483	0.9327684912	-1.4981590549
row-552	0.0094279187	0.0344249102	-0.5173938830	0.5170322029	-0.0041587962	-0.5194613801
row-553	1.0890086133	-1.0950866578	-0.0041080092	0.0119640076	1.0917231874	0.0674221097
row-554	1.6727327970	-1.7543774107	0.8457364926	-0.8329618993	1.6993173241	0.9600326460
row-555	0.1864201121	-0.2763402851	1.0466077679	-1.0443931075	0.2144365552	1.0642914520
row-556	1.9239770157	-1.8448687700	-1.0659604423	1.0789605127	1.9009214801	-0.9450845869
row-557	0.9045466564	-1.0336489719	1.4583714616	-1.4506320683	0.9452567635	1.5253768061
row-558	0.0068186477	-0.0794427534	0.8552894471	-0.8545298757	0.0293365376	0.8601791645
row-559	1.5167338175	-1.5377003919	0.1415869332	-0.1305230212	1.5243898460	0.2419766333
row-560	-1.6613180323	1.7685558129	-1.1481064498	1.1351631037	-1.6958274608	-1.2632228905
row-561	-1.4899392002	1.6080635499	-1.2883054483	1.2764825065	-1.5276926593	-1.3928898201
row-562	-0.3037884781	0.3813797800	-0.8931692830	0.8902350097	-0.3280726057	-0.9177676149
row-563	-0.5425852039	0.6644695741	-1.3984894487	1.3934120779	-0.5807818047	-1.4414017529
row-564	1.7257799727	-1.7708919178	0.4115662298	-0.3987693935	1.7410802184	0.5270930138
row-565	-0.7727896977	0.7401106497	0.4388113453	-0.4440241385	-0.7632488516	0.3903153625
row-566	1.2331834033	-1.1550346867	-1.0066168539	1.0146807323	1.2098985325	-0.9308202295
row-567	0.1539757546	-0.1927949139	0.4467169044	-0.4452346355	0.1661266930	0.4591535196
row-568	0.7070671278	-0.8445647080	1.5710292742	-1.5646215290	0.7502290845	1.6256446205
row-569	-1.8101923576	1.9627315281	-1.6715612400	1.6571087076	-1.8588582559	-1.7991776323
row-570	-1.1897717353	0.9951684571	2.3758363090	-2.3824496783	-1.1303541009	2.3100026377
row-571	1.1533241469	-1.0764816695	-0.9856715086	0.9931764364	1.1303832979	-0.9150131266
row-572	-0.2978041297	0.2832206080	0.1925533819	-0.1945427186	-0.2935104918	0.1739866426
row-573	-0.5631129879	0.4331623289	1.5704272876	-1.5731869733	-0.5232590973	1.5415844905
row-574	-0.3782769219	0.4264391240	-0.5412126721	0.5380331309	-0.3934951484	-0.5688773505
row-575	1.0900682039	-0.9930207741	-1.2193571113	1.2262114313	1.0608158003	-1.1540684348
row-576	1.5176883282	-1.5530514162	0.3111613728	-0.2999497320	1.5298078487	0.4124944255
row-577	-1.6137850434	1.6589813070	-0.4203477957	0.4083519370	-1.6290260229	-0.5285617487
row-578	0.7220067259	-0.7711342366	0.5286847685	-0.5230349234	0.7377863059	0.5788685670
row-579	-1.3972227420	1.4007888709	0.0551399429	-0.0651779480	-1.3993936843	-0.0363758392
row-580	-1.2283858861	1.2886975619	-0.6252599495	0.6158753391	-1.2480185865	-0.7092160632
row-581	-0.1024058615	0.0278141359	0.8860701775	-0.8860733180	-0.0793613221	0.8839433361
row-582	-0.7187089488	0.7011795708	0.2565350247	-0.2615089052	-0.7138230968	0.2106457235
row-583	1.2250018891	-1.2104085859	-0.2571449305	0.2657722369	1.2214122726	-0.1779936829
row-584	-1.0787028427	1.0505791772	0.4064060107	-0.4138535033	-1.0708073964	0.3376422386
row-585	0.3883815584	-0.4750892696	0.9947096653	-0.9910805466	0.4155561828	1.0253933631
row-586	-0.3392940641	0.4379131409	-1.1384803148	1.1350860534	-0.3701236508	-1.1666854358
row-587	-0.0907161723	0.1545289636	-0.7456274939	0.7443535112	-0.1105666274	-0.7554600559
row-588	-0.3565162339	0.3430958681	0.1829301487	-0.1853512052	-0.3526279339	0.1604558552
row-589	1.3363697331	-1.2731822152	-0.8374975538	0.8464465935	1.3178013595	-0.7540429733
row-590	-0.3446275766	0.4316145374	-1.0010427960	0.9977241912	-0.3718553998	-1.0288846025
row-591	-0.8908508475	0.7927723507	1.2176533021	-1.2230712790	-0.8611269069	1.1654450137
row-592	-0.8520239839	0.9889761955	-1.5545228061	1.5470826121	-0.8951274220	-1.6185765735
row-593	-2.0087998731	1.9929701343	0.3262188553	-0.3404454876	-2.0054246761	0.1959282149
row-594	0.0905979625	-0.0373393424	-0.6338711680	0.6339985545	0.0741574515	-0.6312104185
row-595	-1.7312897474	1.6004166398	1.6625306258	-1.6736445844	-1.6920407247	1.5574130813
row-596	-0.7966851971	0.8170713434	-0.1848188492	0.1789156451	-0.8036122114	-0.2381234964
row-597	1.7683248440	-1.7026575926	-0.8967550791	0.9087723364	1.7493171760	-0.7852273627
row-598	0.0369836516	-0.1180826697	0.9530556409	-0.9519971680	0.0621516760	0.9604350202
row-599	-0.4120543563	0.2957786506	1.3987845064	-1.4005965551	-0.3763243610	1.3789753795
row-600	0.1137195018	-0.0130460653	-1.1941898435	1.1940187260	0.0825985405	-1.1929197932
row-601	1.0964789834	-1.0047264487	-1.1574106973	1.1643627337	1.0688728289	-1.0913791098
row-602	0.1996699109	-0.2141128816	0.1563034195	-0.1547325774	0.2042993385	0.1702341090
row-603	1.7256664258	-1.6280209418	-1.2706030461	1.2820019366	1.6967133202	-1.1638196045
row-604	-0.4242777656	0.5641874713	-1.6191173248	1.6147105400	-0.4679718084	-1.6554022106
row-605	1.3028702212	-1.4008766052	1.0642546675	-1.0539678940	1.3342446745	1.1553844453
row-606	-0.9059983492	0.9187997439	-0.0878426806	0.0812311035	-0.9106575312	-0.1478259429
row-607	-1.1375224037	1.1447641728	-0.0062311048	-0.0019836063	-1.1406347151	-0.0810024329
row-608	0.8123700802	-0.7064601649	-1.3044770839	1.3092565511	0.7801586372	-1.2578761358
row-609	1.6917591858	-1.6555460333	-0.5443594462	0.5561168090	1.6818235843	-0.4360322762
row-610	1.0723455305	-1.0591058516	-0.2305789943	0.2381266391	1.0690591117	-0.1613198094
row-611	-0.4438721603	0.4756536459	-0.3436296534	0.3401408120	-0.4540625622	-0.3745780622
row-612	0.6335314929	-0.6402526826	0.0351438375	-0.0305424316	0.6360981017	0.0769514531
row-613	1.3033672614	-1.3987139938	1.0328801928	-1.0226158902	1.3339176304	1.1238796931
row-614	1.2967450441	-1.1793687863	-1.4732732188	1.4814082421	1.2613485285	-1.3957238364
row-615	-1.4317919452	1.3867893734	0.6298514308	-0.6396615961	-1.4189334751	0.5390489438
row-616	-2.0494526466	1.9361179663	1.4779918721	-1.4915552914	-2.0158829691	1.3510116260
row-617	-1.1039451510	1.1736814544	-0.7449681886	0.7363822473	-1.1264044895	-0.8213698079
row-618	0.4060963875	-0.3824471990	-0.3069088717	0.3095847792	0.3990750710	-0.2818208481
row-619	-0.9215734874	0.9701587805	-0.5084179182	0.5013446259	-0.9373371695	-0.5716086599
row-620	-1.2028842782	1.0741079179	1.6010789558	-1.6084304338	-1.1638822782	1.5303602587
row-621	1.0189578311	-1.1261409276	1.1921310874	-1.1837871110	1.0529604632	1.2652709770
row-622	-0.3908081430	0.5063351973	-1.3341326447	1.3302041054	-0.4269183036	-1.3667384767
row-623	-0.9704427260	0.9771224517	-0.0112268187	0.0042137778	-0.9732534000	-0.0750464055
row-624	0.6477653204	-0.5405801446	-1.3080576421	1.3116461776	0.6150330377	-1.2722903635
row-625	-0.0797622572	0.0350934662	0.5318997138	-0.5320335911	-0.0659762377	0.5294213452
row-626	1.4116767895	-1.3661852930	-0.6342138740	0.6438752444	1.3986514188	-0.5447556741
row-627	0.0481350103	-0.0910795795	0.5026885753	-0.5019236752	0.0614840703	0.5084617784
row-628	-0.0842509267	0.0149831926	0.8220726364	-0.8219979054	-0.0628429228	0.8208062805
row-629	1.4442449720	-1.4587389994	0.0703586945	-0.0598770955	1.4498393028	0.1656157345
row-630	-0.9172247482	0.9507184585	-0.3308891871	0.3239947264	-0.9283068860	-0.3928722558
row-631	0.2969351762	-0.2052455051	-1.1010705707	1.1022990670	0.2687388002	-1.0872790579
row-632	-0.7104457276	0.8243521734	-1.2928090227	1.2866079700	-0.7462972633	-1.3462014940
row-633	0.4591746034	-0.5798927980	1.3905481384	-1.3860793403	0.4969460959	1.4279388504
row-634	0.2064325328	-0.2382680059	0.3607770977	-0.3589876239	0.2164586058	0.3762139914
row-635	0.7346774689	-0.7475002695	0.1000083786	-0.0946231256	0.7392126422	0.1487984740
row-636	0.0609342023	0.0007053279	-0.7305645440	0.7303975375	0.0418730788	-0.7303549516
row-637	-0.6920400210	0.7970647982	-1.1894321044	1.1834497460	-0.7251242994	-1.2410784007
row-638	-0.6409766292	0.5274822358	1.3819300073	-1.3854081939	-0.6062833801	1.3469924039
row-639	0.8861332803	-0.7620099853	-1.5242232164	1.5293525248	0.8483321355	-1.4739169740
row-640	0.1218960979	-0.1315039992	0.1047378512	-0.1037711331	0.1249673981	0.1132907535
row-641	-1.4837407900	1.6063133862	-1.3411522344	1.3293301348	-1.5228684309	-1.4456037955
row-642	0.2109844170	-0.2455954989	0.3931668539	-0.3913176277	0.2218743699	0.4090710286
row-643	0.6052894480	-0.4890556245	-1.4117283400	1.4149242220	0.5697197911	-1.3792902513
row-644	2.5943435519	-2.5807713436	-0.3403353723	0.3587761677	2.5921146833	-0.1716458938
row-645	1.4172961431	-1.4219531810	-0.0436811349	0.0538735275	1.4198205628	0.0492130439
row-646	-0.8708901085	1.0076776329	-1.5512702907	1.5436966406	-0.9139568821	-1.6165467336
row-647	-0.2799950305	0.1624542923	1.4045077160	-1.4053619349	-0.2437721842	1.3934050437
row-648	0.3735548172	-0.2932766553	-0.9719314941	0.9738202133	0.3489543139	-0.9524351703
row-649	-0.9743727617	1.1401849198	-1.8860849800	1.8774864118	-1.0265157718	-1.9598993417
row-650	-1.2174270593	1.0591434784	1.9497875459	-1.9569543596	-1.1692892288	1.8799242620
row-651	1.0408158247	-0.9040857542	-1.6835311643	1.6896445083	0.9992246716	-1.6238890912
row-652	0.0494790311	0.1492754817	-2.3454575652	2.3438666365	-0.0120949949	-2.3543871168
row-653	-1.8668772448	1.9959004056	-1.3905193589	1.3758911493	-1.9082966597	-1.5204006215
row-654	1.3498950021	-1.2452242848	-1.3272539151	1.3358937997	1.3184775977	-1.2454540944
row-655	-0.2646416848	0.2721344792	-0.0698881954	0.0679202222	-0.2671661783	-0.0876389708
row-656	-0.1172763481	0.0171528227	1.1879573247	-1.1878170536	-0.0863285657	1.1864212110
row-657	-0.2983711018	0.1867476877	1.3360589855	-1.3371026752	-0.2639965753	1.3233934752
row-658	-1.6201285462	1.6690738586	-0.4640834603	0.4520054956	-1.6365365278	-0.5729413314
row-659	0.0504795395	-0.0964773198	0.5385029451	-0.5376913788	0.0647768499	0.5446161836
row-660	-0.3440113056	0.3110288045	0.4125703066	-0.4147103869	-0.3340494185	0.3921102008
row-661	-0.6759593512	0.6736275101	0.0744826199	-0.0792991787	-0.6757519722	0.0304566690
row-662	0.9134727106	-0.8160191923	-1.2118619891	1.2174480387	0.8839597574	-1.1581372942
row-663	-1.2076102491	1.2588016037	-0.5192356786	0.5100890651	-1.2243999053	-0.6012761568
row-664	0.8445813864	-0.7259818792	-1.4562443834	1.4611302703	0.8084608700	-1.4083152081
row-665	-0.5848961353	0.5098897354	0.9245083089	-0.9279616725	-0.5620909841	0.8908798852
row-666	-1.7479091888	1.8582712745	-1.1789001380	1.1653062851	-1.7834531501	-1.2998658214
row-667	0.7727760262	-0.8958210988	1.3961593326	-1.3894226025	0.8115079690	1.4541838311
row-668	0.8737445238	-0.9600495247	0.9562127488	-0.9491127236	0.9011644358	1.0185864690
row-669	1.5204901463	-1.6051687460	0.8920741435	-0.8803598045	1.5478990806	0.9966080951
row-670	-1.2157998498	1.2981027987	-0.8852685666	0.8757588398	-1.2422400101	-0.9697480193
row-671	-1.7864019708	1.8040737689	-0.0840106325	0.0710483368	-1.7932422951	-0.2018194118
row-672	1.8029844738	-1.7152957968	-1.1586539696	1.1707038463	1.7771768315	-1.0462091010
row-673	1.0005891772	-0.9621136175	-0.5229552580	0.5297422017	0.9894251881	-0.4599290773
row-674	-1.0678797427	1.1900588378	-1.3654339382	1.3565929540	-1.1065682791	-1.4426881590
row-675	-0.0931234128	0.2277558264	-1.5799606393	1.5779763278	-0.1349290234	-1.5942842440
row-676	-0.0204351566	0.0948232441	-0.8751283893	0.8742540700	-0.0435102454	-0.8810157843
row-677	1.2383197222	-1.1794291232	-0.7800466742	0.7883357996	1.2210085772	-0.7027359470
row-678	0.8929797638	-0.8773642001	-0.2461022571	0.2523425205	0.8888200673	-0.1887086096
row-679	0.7233345404	-0.6899063759	-0.4441994773	0.4490508760	0.7135237632	-0.3989808430
row-680	0.2577999325	-0.3004147158	0.4842226914	-0.4819599696	0.2712066467	0.5036756730
row-681	-0.1435251317	-0.0066572769	1.7796497346	-1.7792074714	-0.0970796514	1.7794617806
row-682	-0.2163687324	0.0909039942	1.4934553922	-1.4937765424	-0.1776410120	1.4869951024
row-683	0.2553186708	-0.3795377239	1.4459762940	-1.4429326948	0.2940199371	1.4702608506
row-684	-0.0667536428	-0.0080627674	0.8862385260	-0.8859842235	-0.0436122662	0.8864550271
row-685	-0.9945248296	0.9256544224	0.8806901713	-0.8871362316	-0.9739341407	0.8199202358
row-686	0.9928622842	-0.9638917212	-0.4104161412	0.4172407891	0.9846388493	-0.3473132020
row-687	0.2563916495	-0.1611381493	-1.1402454744	1.1411488300	0.2270596076	-1.1293212489
row-688	1.8532785987	-1.7407949295	-1.4543222896	1.4664895732	1.8198231289	-1.3401084032
row-689	0.8565359393	-0.7736234458	-1.0365590126	1.0418797456	0.8314871288	-0.9856648635
row-690	-0.5467618778	0.3926085136	1.8544819804	-1.8568877379	-0.4993929405	1.8281886647
row-691	0.9271859428	-0.9729427490	0.4746982587	-0.4676124670	0.9420771042	0.5380826434
row-692	-0.0122782544	0.0671152080	-0.6453155078	0.6446909283	-0.0292864821	-0.6494734977
row-693	-0.4890544394	0.4320203045	0.7060680295	-0.7090111261	-0.4717474107	0.6776023115
row-694	-0.2215677868	0.3998944963	-2.0858989692	2.0825674633	-0.2770161061	-2.1112892435
row-695	-0.3025387090	0.3745978675	-0.8280683719	0.8251971878	-0.3251069787	-0.8522465062
row-696	0.5010990856	-0.5195165501	0.1821756816	-0.1784079272	0.5071904245	0.2160456211
row-697	-0.5798869826	0.6712658018	-1.0364344315	1.0313885575	-0.6086556366	-1.0799173526
row-698	-0.8471219149	0.8457588728	0.0749692645	-0.0810207050	-0.8473453767	0.0196998967
row-699	1.2152219352	-1.2620297172	0.4670526955	-0.4578944888	1.2306585356	0.5493222885
row-700	0.6675429376	-0.6980070244	0.3125523161	-0.3074750467	0.6774955248	0.3580352400
row-701	0.8071220271	-0.9171341095	1.2401971663	-1.2333420944	0.8418400746	1.2996683637
row-702	-0.4260083843	0.4387376439	-0.1203706422	0.1171961521	-0.4302791790	-0.1489859079
row-703	-1.7259848955	1.7678448467	-0.3732322228	0.3604657460	-1.7402772144	-0.4885733939
row-704	-0.3500088477	0.3134933797	0.4546179619	-0.4567664039	-0.3389563525	0.4339821608
row-705	1.0942096119	-0.9598657049	-1.6591268336	1.6656457913	1.0533988603	-1.5958498756
row-706	0.0530518668	0.0586425832	-1.3198368127	1.3191234988	0.0184682467	-1.3232053387
row-707	1.7985342146	-1.8460819628	0.4352091825	-0.4218676399	1.8146450132	0.5556389430
row-708	-1.5238310914	1.4505358181	0.9696377888	-0.9798299939	-1.5022723751	0.8745526134
row-709	0.9395976512	-0.9784046266	0.3919420737	-0.3848354395	0.9523439048	0.4557121772
row-710	1.3691399900	-1.3875088041	0.1212398233	-0.1112580000	1.3758781901	0.2118264557
row-711	-0.9118031295	0.8285054315	1.0449412737	-1.0506539100	-0.8866770548	0.9904594191
row-712	-0.0584352574	0.2110296578	-1.7940272567	1.7921154976	-0.1057824382	-1.8071834312
row-713	-0.8253002287	0.7516108160	0.9257070668	-0.9308944389	-0.8030866544	0.8762895278
row-714	0.1030009069	-0.0285653505	-0.8842713416	0.8842802706	0.0800052320	-0.8820960620
row-715	1.8122309197	-1.8155870065	-0.0864741680	0.0994812759	1.8146532242	0.0321462926
row-716	-1.1044132754	1.0132729894	1.1507480288	-1.1577628609	-1.0770029618	1.0841605314
row-717	-0.4022182780	0.3152768329	1.0524412835	-1.0544700004	-0.3755740867	1.0314797813
row-718	-0.3433186791	0.2170761079	1.5114489166	-1.5126713242	-0.3044466471	1.4967410416
row-719	0.2683959207	-0.1014801882	-1.9855096447	1.9857976011	0.2168585131	-1.9781863454
row-720	-1.4910585227	1.3566606037	1.6873597086	-1.6967192889	-1.4505336532	1.5981550897
row-721	0.8457467699	-0.7403274557	-1.3010170800	1.3060403016	0.8137128600	-1.2522052049
row-722	0.2580465947	-0.2319804533	-0.3250937351	0.3266860589	0.2501631505	-0.3098275085
row-723	-0.4812580369	0.4522816187	0.3749087532	-0.3780706274	-0.4726426527	0.3452355003
row-724	-0.3119065362	0.2972814172	0.1940242082	-0.1961141009	-0.3076107576	0.1745385327
row-725	-0.4543507508	0.5817632134	-1.4697652559	1.4652654779	-0.4941937157	-1.5072504172
row-726	-0.4047550286	0.3553894380	0.6098439191	-0.6122585432	-0.3897608817	0.5864172368
row-727	0.3308354979	-0.4425470049	1.2933427071	-1.2898808704	0.3657171466	1.3217963075
row-728	-1.6768922280	1.6730934359	0.1613721334	-0.1733402910	-1.6769933919	0.0520328325
row-729	0.2784207039	-0.2778812848	-0.0257172880	0.0277052997	0.2784658052	-0.0075576864
row-730	-0.2420858936	0.0896912857	1.8125709123	-1.8128126226	-0.1950298149	1.8060781587
row-731	-0.2142650771	0.2066843789	0.1042266442	-0.1056864367	-0.2120785345	0.0906899953
row-732	1.7374442642	-1.7758557498	0.3318004776	-0.3189857092	1.7506763345	0.4476794025
row-733	0.2662425773	-0.3826132680	1.3527357546	-1.3496907582	0.3025192661	1.3772538288
row-734	-1.2805574827	1.2191636359	0.8124807723	-0.8210477908	-1.2625025671	0.7325633227
row-735	0.2345456689	-0.1129037263	-1.4496736171	1.4501623139	0.1970168351	-1.4417916742
row-736	0.7194781421	-0.6141603898	-1.2910397506	1.2951599741	0.6873794265	-1.2504723258
row-737	1.4580484019	-1.5068061910	0.4731446573	-0.4622289044	1.4742746557	0.5714003859
row-738	-1.7412367471	1.7329629962	0.2185770983	-0.2309621208	-1.7399997891	0.1053072288
row-739	-1.8323341295	1.7630231282	0.9441422124	-0.9565820694	-1.8122457499	0.8286549671
row-740	0.3702763579	-0.3392134897	-0.3917768222	0.3941237283	0.3609295653	-0.3694830308
row-741	-0.2522540531	0.1526862620	1.1907950465	-1.1916265569	-0.2215814723	1.1804051900
row-742	-1.3902854140	1.2667444754	1.5524192111	-1.5611635835	-1.3530492449	1.4691349412
row-743	-0.1401553429	0.1850190092	-0.5189031975	0.5174607167	-0.1541694743	-0.5308066458
row-744	0.4749554660	-0.5162731118	0.4538371655	-0.4500324620	0.4881256779	0.4874001821
row-745	0.4125377875	-0.2595671780	-1.8312112399	1.8326676254	0.3654331361	-1.8136160389
row-746	-0.4319646025	0.4028730466	0.3728376634	-0.3756455055	-0.4232759371	0.3463923958
row-747	1.2330963442	-1.3229489179	0.9730265262	-0.9633190826	1.2618899967	1.0590981623
row-748	-0.7719553256	0.8578948887	-0.9589849318	0.9526172200	-0.7991843344	-1.0146851630
row-749	-0.1488734828	0.1871486459	-0.4406615508	0.4392211345	-0.1608518974	-0.4527314832
row-750	0.5247624290	-0.4542521026	-0.8673473528	0.8704142046	0.5033051560	-0.8373730621
row-751	-1.7214579354	1.5882327959	1.6895620187	-1.7005825699	-1.6814723108	1.5852308367
row-752	0.9075323802	-1.0079572552	1.1202442213	-1.1127641116	0.9393550666	1.1856897672
row-753	-0.3258133123	0.2738688601	0.6347423268	-0.6365665465	-0.3099595475	0.6166316782
row-754	1.4325228877	-1.3866666989	-0.6399608268	0.6497678711	1.4194003629	-0.5491628148
row-755	1.0762398038	-1.1198708683	0.4392846170	-0.4311525116	1.0905856723	0.5122784203
row-756	-1.3790490256	1.4748358519	-1.0328031999	1.0219927635	-1.4097935316	-1.1287748415
row-757	-0.8957249927	0.7808002377	1.4164995383	-1.4217875403	-0.8607826105	1.3650036557
row-758	-0.1141817152	0.1078560297	0.0824785617	-0.0832341122	-0.1123078925	0.0754047766
row-759	0.3270202179	-0.2122725732	-1.3748654750	1.3760836955	0.2916990605	-1.3605191542
row-760	0.6497482818	-0.7795015181	1.4837599565	-1.4778383649	0.6904658657	1.5341560567
row-761	-1.5090556973	1.6377041141	-1.4109860839	1.3989232853	-1.5500860815	-1.5174635806
row-762	1.5639528822	-1.5735626138	0.0044804136	0.0068104060	1.5681244197	0.1072605369
row-763	2.1002503399	-2.1721448642	0.7011175678	-0.6853776799	2.1241384566	0.8427519934
row-764	1.3822793515	-1.5043198018	1.3419372267	-1.3308467256	1.4211646614	1.4397265137
row-765	-0.5204052688	0.5757818557	-0.6163396783	0.6120719955	-0.5379682597	-0.6537328086
row-766	-0.2002697467	0.3383710872	-1.6133857828	1.6106004315	-0.2432323939	-1.6349228388
row-767	-1.6471828247	1.6057750690	0.6024700812	-0.6138574711	-1.6356029596	0.4973735065
row-768	0.7777547829	-0.6952047604	-1.0268094950	1.0315697594	0.7527582583	-0.9810408960
row-769	1.1499897413	-1.1415243152	-0.1797210440	0.1878712897	1.1482424986	-0.1050962619
row-770	0.6963303617	-0.8197643789	1.4060583937	-1.3998651528	0.7351245779	1.4591115684
row-771	0.9541642991	-0.8705390603	-1.0517465883	1.0577592943	0.9289689937	-0.9945168069
row-772	-0.0776897204	-0.0064655883	0.9970435920	-0.9967761864	-0.0516617255	0.9971169924
row-773	-0.1695869308	0.0911782346	0.9357190136	-0.9361657662	-0.1454104019	0.9294359922
row-774	1.7713121922	-1.7238316151	-0.6826607769	0.6948774100	1.7579444753	-0.5698249422
row-775	-1.5034512522	1.3911855852	1.4274268683	-1.4370917747	-1.4697965927	1.3360581169
row-776	-1.0496386336	1.0093745461	0.5474411560	-0.5545617545	-1.0379576238	0.4813194252
row-777	-1.1152147409	1.2062254773	-0.9948710508	0.9859962195	-1.1442775183	-1.0733109208
row-778	-1.9562756661	1.9431919158	0.2902091230	-0.3040865943	-1.9537116426	0.1631824894
row-779	-1.1733377604	1.0690024970	1.3110235143	-1.3184026598	-1.1418897057	1.2407397978
row-780	-0.7605750210	0.6515551078	1.3375218646	-1.3419000798	-0.7273600148	1.2944956314
row-781	0.0273188802	-0.0072629533	-0.2382280378	0.2382273386	0.0211225915	-0.2376702689
row-782	-2.1070725109	2.1203809820	-0.0102964524	-0.0049189097	-2.1128047848	-0.1487915282
row-783	-1.0919161596	1.1681808737	-0.8227319697	0.8141682552	-1.1163900621	-0.8987470893
row-784	-0.4744700410	0.4977570204	-0.2414071937	0.2377824272	-0.4820505705	-0.2738351198
row-785	0.9259770013	-1.0463798829	1.3543717447	-1.3465640649	0.9640067199	1.4222450396
row-786	-0.5477959709	0.6225827429	-0.8431541963	0.8385004531	-0.5713967973	-0.8835248846
row-787	0.1346882080	-0.1953465212	0.7053990455	-0.7038411269	0.1535943407	0.7179117997
row-788	0.6603858317	-0.4831527046	-2.1343428416	2.1373361883	0.6059490629	-2.1020374381
row-789	-1.8867292311	1.7959225857	1.2012179578	-1.2138368716	-1.8600189135	1.0834918271
row-790	-0.5346589018	0.4290492995	1.2816266332	-1.2844208283	-0.5023287782	1.2531535567
row-791	0.7982251784	-0.7413113390	-0.7261499159	0.7313076287	0.7811912044	-0.6774749518
row-792	-0.3950091248	0.4108850162	-0.1596045210	0.1566211679	-0.4002317024	-0.1863867836
row-793	1.1883389112	-1.2265202826	0.3672731039	-0.3583917848	1.2010809171	0.4472582159
row-794	-0.6431613792	0.6079214370	0.4599733439	-0.4642330293	-0.6327278327	0.4201042676
row-795	2.2968222518	-2.3550314415	0.5261875162	-0.5091742507	2.3166179621	0.6798289128
row-796	0.3894334192	-0.3649789461	-0.3152391901	0.3177879216	0.3821497665	-0.2912892395
row-797	0.5704200886	-0.6723333012	1.1612244047	-1.1561432092	0.6024470718	1.2047333819
row-798	1.8372887642	-1.9282223556	0.9437498004	-0.9297061964	1.8668782598	1.0693668279
row-799	-0.6827732284	0.6682095120	0.2190903248	-0.2238359556	-0.6787792959	0.1753676600
row-800	0.6756049578	-0.6591150394	-0.2412891854	0.2459646454	0.6710084572	-0.1981527833
row-801	0.7646418809	-0.8207141694	0.6075535139	-0.6015304650	0.7826067794	0.6609481655
row-802	-0.0652599316	0.1624096357	-1.1402220383	1.1388040435	-0.0954250583	-1.1504312594
row-803	-1.2931473844	1.3217730809	-0.2473858800	0.2378477272	-1.3030071578	-0.3336346527
row-804	-1.1018777064	1.0043487276	1.2258526454	-1.2327868001	-1.0724850333	1.1598217784
row-805	-0.5463946553	0.5214150916	0.3323414842	-0.3360088058	-0.5390679242	0.2981674796
row-806	1.7228706205	-1.7431305806	0.1189260469	-0.1063932600	1.7304648000	0.2327419309
row-807	-0.8265998638	0.8556911211	-0.2853149884	0.2791124221	-0.8362481807	-0.3411070267
row-808	0.8510065639	-0.9240719486	0.8017853661	-0.7949777011	0.8743049983	0.8618631514
row-809	0.8083042737	-0.8208196667	0.0912661253	-0.0853567662	0.8128002996	0.1448483439
row-810	-0.9638933363	0.7792269606	2.2430378359	-2.2481313294	-0.9073837864	2.1913554672
row-811	0.3122274552	-0.4241587883	1.2972270018	-1.2938962338	0.3471630577	1.3244781645
row-812	0.5418468513	-0.6366398036	1.0793100170	-1.0745030695	0.5716448414	1.1205162386
row-813	1.6264066487	-1.7472376177	1.3107090079	-1.2978825688	1.6651031967	1.4243760873
row-814	-0.4126760396	0.4517759676	-0.4320356065	0.4286984829	-0.4251112905	-0.4613934393
row-815	-1.9994314636	2.0255967025	-0.1692789637	0.1547084076	-2.0090671131	-0.3015273000
row-816	1.8340452411	-1.8494069023	0.0534761550	-0.0401953767	1.8402057793	0.1742566818
row-817	-1.2195203972	1.2814492326	-0.6449321897	0.6355952230	-1.2396476390	-0.7284079739
row-818	-0.1658341637	0.0997967432	0.7896815555	-0.7902225157	-0.1454897352	0.7828866980
row-819	0.7110022941	-0.5397488732	-2.0674009936	2.0708152395	0.6584577684	-2.0314222778
row-820	0.8215795520	-0.9545445564	1.5096567613	-1.5024735493	0.8634237828	1.5714772298
row-821	0.6152920098	-0.5241423144	-1.1168459609	1.1203589464	0.5875057900	-1.0822192807
row-822	0.9985794512	-1.0602039980	0.6567106002	-0.6489583889	1.0184438839	0.7257310045
row-823	0.8490012584	-0.8300760337	-0.2820433148	0.2879363332	0.8437820659	-0.2277258500
row-824	-0.2773854144	0.3464128012	-0.7940927277	0.7914312943	-0.2989946864	-0.8164417646
row-825	-0.5129512145	0.4868919868	0.3427380477	-0.3461553719	-0.5052642962	0.3108153789
row-826	-1.5010842041	1.5333190136	-0.2754540441	0.2643918925	-1.5122213301	-0.3755107150
row-827	1.1694632143	-1.1408501121	-0.4184846453	0.4265771265	1.1614852590	-0.3438203448
row-828	0.2564569056	-0.2014017862	-0.6665737988	0.6678710335	0.2395859783	-0.6531854026
row-829	0.3328052273	-0.2742641963	-0.7129590924	0.7147688101	0.3149119260	-0.6947952492
row-830	1.2292552311	-1.3366626811	1.1801509040	-1.1702991546	1.2634877769	1.2670458096
row-831	-0.7616450885	0.7190035035	0.5554295674	-0.5604650724	-0.7490074647	0.5082714467
row-832	-1.0798277438	1.0318440128	0.6405046226	-0.6477658030	-1.0657767490	0.5728826673
row-833	-1.8221384462	1.9523803404	-1.4079913462	1.3936715066	-1.8639015389	-1.5350238583
row-834	-0.2708643746	0.1241511719	1.7476254958	-1.7481288418	-0.2255914159	1.7389046251
row-835	-0.0900185795	-0.0346042090	1.4747480600	-1.4741728745	-0.0514555035	1.4764922400
row-836	-1.3680146548	1.2036960080	2.0313732258	-2.0395590740	-1.3181208525	1.9520395336
row-837	1.2182505828	-1.2569806084	0.3716581267	-0.3625572921	1.2311854753	0.4536313065
row-838	0.7424089693	-0.6875929943	-0.6975484075	0.7023270480	0.7259827469	-0.6523922182
row-839	0.6518159220	-0.7667746888	1.3092860618	-1.3034944573	0.6879489565	1.3589119307
row-840	-0.6145770966	0.6300520249	-0.1396112766	0.1350598996	-0.6198428159	-0.1807160487
row-841	0.5811741684	-0.6752617511	1.0682635416	-1.0631819422	0.6107834914	1.1119963307
row-842	1.0539132834	-1.0518008906	-0.0981792515	0.1057038348	1.0540621475	-0.0294435443
row-843	1.6917695698	-1.8072355743	1.2429458731	-1.2297039884	1.7288528804	1.3605556025
row-844	0.0956732888	-0.0618769821	-0.4048906110	0.4052448062	0.0852697555	-0.4007072485
row-845	-1.3780753616	1.2318921576	1.8183744799	-1.8268098427	-1.3338110232	1.7372736160
row-846	-0.2082788843	0.1197620843	1.0575180966	-1.0581429301	-0.1809984575	1.0493254164
row-847	0.9769296686	-0.8747981671	-1.2713975647	1.2773921380	0.9460149814	-1.2138127203
row-848	-0.0817245836	0.0724256106	0.1152571578	-0.1157512399	-0.0789043229	0.1104861397
row-849	1.8356278327	-1.8846432261	0.4499236790	-0.4363022094	1.8522218720	0.5728670281
row-850	1.2579320589	-1.2638319185	-0.0179543907	0.0270180149	1.2607202136	0.0646026477
row-851	0.1028971400	-0.2346950905	1.5458811881	-1.5438546440	0.1438315508	1.5606699766
row-852	-1.9135815280	1.9504225805	-0.3010469472	0.2869865329	-1.9264610981	-0.4283389606
row-853	0.1033029802	0.0410012134	-1.7075869908	1.7069142948	0.0586490110	-1.7096675268
row-854	0.2756636376	-0.1613736951	-1.3659008786	1.3667559025	0.2404452000	-1.3548822991
row-855	-1.1329009156	1.1779917841	-0.4525460173	0.4439939726	-1.1477425157	-0.5293315118
row-856	-0.7135575105	0.8552845107	-1.6204151628	1.6139195588	-0.7580354912	-1.6757134206
row-857	-0.9119112564	0.7685376958	1.7528506180	-1.7579760803	-0.8681623942	1.7020379910
row-858	1.7811718669	-1.6444060608	-1.7354357801	1.7468491881	1.7401342099	-1.6274194288
row-859	0.9845996776	-0.9778333888	-0.1481982813	0.1551810828	0.9832530276	-0.0842764664
row-860	1.4913199510	-1.5091046803	0.1058610241	-0.0950101969	1.4979702620	0.2043954168
row-861	1.3656768498	-1.4456807960	0.8477560700	-0.8371958320	1.3915186358	0.9418881244
row-862	-1.3284423416	1.2568567282	0.9359049571	-0.9447150522	-1.3072646037	0.8534822840
row-863	1.4126480812	-1.3797238426	-0.4861955722	0.4959868891	1.4035191658	-0.3959048631
row-864	-0.6759872450	0.5406998086	1.6411621663	-1.6446777203	-0.6345650855	1.6052705008
row-865	-1.0091542464	0.8932367135	1.4360856449	-1.4421760023	-0.9739906115	1.3772388017
row-866	1.2751422018	-1.2122032629	-0.8303107391	0.8388238667	1.2566041947	-0.7508416863
row-867	-0.9097664091	0.9669356250	-0.6103873226	0.6033145517	-0.9281820110	-0.6733318503
row-868	-0.3166897270	0.3948913733	-0.8994641156	0.8964315054	-0.3411728929	-0.9249427925
row-869	1.9676118631	-1.9756147717	-0.0425235216	0.0566885220	1.9715931212	0.0865342243
row-870	-0.2721439533	0.2303747455	0.5111105828	-0.5126501514	-0.2594034779	0.4958841405
row-871	0.9963781717	-0.9831570729	-0.2250773726	0.2320813280	0.9930395821	-0.1607809222
row-872	-1.1814675599	1.1361622446	0.6160115225	-0.6240265834	-1.1683243526	0.5415842983
row-873	0.1228462942	0.0132079391	-1.6117328922	1.6112808526	0.0807646270	-1.6120315763
row-874	-0.0738245237	0.0065744117	0.7975730157	-0.7974433852	-0.0530340101	0.7968644768
row-875	0.9859715402	-1.0170721502	0.2979095984	-0.2905463811	0.9963642669	0.3642382874
row-876	0.5511936028	-0.6811193408	1.4926460062	-1.4874283066	0.5918895054	1.5366128867
row-877	-0.1631684818	0.2616501520	-1.1491087632	1.1469767783	-0.1938211658	-1.1657970492
row-878	-0.9160098393	0.8417629603	0.9385837956	-0.9444151270	-0.8936926289	0.8832732081
row-879	-0.3867885550	0.4636850837	-0.8792107159	0.8756890217	-0.4109206038	-0.9091899362
row-880	1.4497739189	-1.5846300257	1.4882565703	-1.4765574331	1.4926834136	1.5912403418
row-881	0.9221243420	-0.8855883938	-0.4946435568	0.5008877316	0.9115017765	-0.4366257452
row-882	-0.1656328362	0.0362915512	1.5356064281	-1.5355264072	-0.1256647383	1.5326985536
row-883	0.0393314568	-0.1320860345	1.0902352558	-1.0890459042	0.0681143694	1.0984812981
row-884	1.3368205869	-1.4432822281	1.1615260261	-1.1509134429	1.3708419683	1.2553916067
row-885	1.6646556598	-1.6608631598	-0.1604470732	0.1723276874	1.6647494429	-0.0519069511
row-886	-1.0068863321	0.9756503406	0.4380859546	-0.4449888333	-0.9979713331	0.3742052848
row-887	0.1386327966	-0.0160806560	-1.4537292308	1.4535223528	0.1007486709	-1.4521701411
row-888	0.7604557163	-0.7205760638	-0.5228017254	0.5278557457	0.7486733549	-0.4755523066
row-889	-1.1187959228	1.1072850186	0.2134381464	-0.2213352616	-1.1160808273	0.1410380015
row-890	-1.7705992811	1.7623570658	0.2202473369	-0.2328428825	-1.7693944899	0.1050569261
row-891	0.5172229863	-0.6240683113	1.2230410453	-1.2182924332	0.5507383046	1.2633758254
row-892	1.4454376909	-1.2921064456	-1.9072874765	1.9161351487	1.3990089052	-1.8222224308
row-893	0.1834259871	-0.1285278292	-0.6596457595	0.6604216818	0.1665480249	-0.6510197563
row-894	-1.3149070091	1.2404768565	0.9684822529	-0.9771676060	-1.2928371731	0.8871180770
row-895	-1.0094781663	1.1319667969	-1.3731425183	1.3647166178	-1.0482181200	-1.4465995956
row-896	1.1632222089	-1.1323435924	-0.4447462608	0.4527718889	1.1545372094	-0.3706283974
row-897	1.6894287242	-1.7444288280	0.5306108268	-0.5179774662	1.7077664721	0.6443674394
row-898	-0.7563682813	0.8901416197	-1.5237164544	1.5169921969	-0.7984133588	-1.5813253428
row-899	1.1771454195	-1.2946077955	1.3022564299	-1.2926793439	1.2144551466	1.3863616706
row-900	1.1155364297	-0.9491282259	-2.0384383962	2.0447962329	1.0648023549	-1.9757300460
row-901	1.6547251578	-1.5742133167	-1.0637761887	1.0748348739	1.6310291992	-0.9605797238
row-902	-1.0859719561	1.1763131238	-0.9890147217	0.9803558006	-1.1148048747	-1.0655028312
row-903	-0.2556540661	0.2282392181	0.3408197978	-0.3423817934	-0.2473507129	0.3257924372
row-904	0.1997772912	-0.0935071627	-1.2661226303	1.2665128509	0.1669870408	-1.2595718629
row-905	-0.9886696567	0.8950392108	1.1720420600	-1.1782038809	-0.9603991577	1.1131698843
row-906	-1.5721120165	1.6431739553	-0.7280329688	0.7160823176	-1.5953392979	-0.8351067447
row-907	1.0927150424	-1.1477371881	0.5723653543	-0.5640038163	1.1106045869	0.6471327532
row-908	-0.2197145080	0.2312533195	-0.1206884828	0.1190025583	-0.2234589630	-0.1357512120
row-909	0.8810736102	-0.7328985937	-1.8072839912	1.8121416876	0.8358128326	-1.7587801839
row-910	2.0296888046	-2.1519054246	1.2989929913	-1.2832657826	2.0691224205	1.4390961926
row-911	1.6535060208	-1.4599759534	-2.3954377274	2.4053816022	1.5947747003	-2.2992369808
row-912	0.1982836613	-0.0870806225	-1.3241455416	1.3244767917	0.1639631229	-1.3179942366
row-913	2.2348339143	-2.3398587253	1.0821483517	-1.0651207045	2.2690946923	1.2346041396
row-914	-1.0836730915	1.2097029562	-1.4097110948	1.4007193551	-1.1235673686	-1.4882329319
row-915	-0.1633312682	0.1158934688	0.5703395231	-0.5710445944	-0.1487506132	0.5625700218
row-916	0.0177521292	0.0238805069	-0.4918111743	0.4915308181	0.0048599978	-0.4931988866
row-917	-1.5161550951	1.4235809444	1.1962759853	-1.2062245581	-1.4886142811	1.1028721311
row-918	0.4513343557	-0.4777837916	0.2802807203	-0.2767906385	0.4598775701	0.3113904346
row-919	-1.5926250566	1.5500761575	0.6121228188	-0.6231084464	-1.5806498452	0.5106609979
row-920	-1.3452043649	1.3397576487	0.1577251874	-0.1673025720	-1.3445417547	0.0701599322
row-921	1.7350815546	-1.6763373765	-0.8128655864	0.8247126002	1.7181946144	-0.7030864066
row-922	0.2184416983	-0.2645530402	0.5281611950	-0.5261460298	0.2329022946	0.5452563936
row-923	1.6104745392	-1.4961531836	-1.4590922819	1.4695032791	1.5762642512	-1.3608561936
row-924	0.0740183687	0.0350462172	-1.2903058864	1.2897684154	0.0402659665	-1.2921434835
row-925	-0.8707589348	0.8021576255	0.8689127244	-0.8744753440	-0.8501572832	0.8162134529
row-926	1.4249293468	-1.4475416732	0.1673635738	-0.1569408088	1.4330255334	0.2618552817
row-927	1.0445371201	-0.9030361301	-1.7400079020	1.7461011960	1.0014698711	-1.6804146239
row-928	0.0495675859	0.0203386138	-0.8271841331	0.8268548460	0.0279352161	-0.8282231321
row-929	-1.0278153372	1.1207538403	-1.0236644783	1.0153964970	-1.0574090533	-1.0965114504
row-930	0.7204075122	-0.8719262309	1.7353191941	-1.7286787199	0.7679260437	1.7916642420
row-931	-0.8259374545	0.7332004643	1.1501978407	-1.1552033608	-0.7978198224	1.1019042648
row-932	0.5420352083	-0.5636462067	0.2169599249	-0.2128678432	0.5491477250	0.2537001449
row-933	0.5459265093	-0.5565682821	0.0874338422	-0.0834212548	0.5496416517	0.1237570756
row-934	-0.3503035310	0.3290575735	0.2747107098	-0.2770107006	-0.3439846442	0.2531212483
row-935	1.3316916211	-1.1785303079	-1.8973753135	1.9054103092	1.2852287732	-1.8197322831
row-936	0.9628345012	-0.9061959283	-0.7343530696	0.7406919601	0.9460113831	-0.6749053317
row-937	0.9701240818	-1.0256212110	0.5864871434	-0.5789986195	0.9880673818	0.6532732500
row-938	1.0669133640	-1.0605725366	-0.1489088734	0.1564851452	1.0657613725	-0.0795824684
row-939	-1.6611987661	1.7465964929	-0.8907632334	0.8780344846	-1.6889379223	-1.0045353969
row-940	-0.8555248555	0.6748491963	2.1884775462	-2.1928342559	-0.8001697461	2.1436319998
row-941	-0.2938936245	0.2997466807	-0.0485322518	0.0463709035	-0.2959321234	-0.0680940697
row-942	0.0339963424	-0.0262245899	-0.0939422414	0.0941095703	0.0316131075	-0.0921964328
row-943	2.2403741999	-2.2896499616	0.4248461133	-0.4083244043	2.2573575983	0.5742523984
row-944	0.9401606357	-0.9593855639	0.1611585565	-0.1542395365	0.9468370950	0.2237671393
row-945	-0.3250965957	0.2616802784	0.7698708076	-0.7715776238	-0.3056861297	0.7525090022
row-946	0.1491217718	-0.2155885154	0.7728387879	-0.7711206898	0.1698394619	0.7866501046
row-947	1.3845773398	-1.4537316052	0.7185949164	-0.7080055478	1.4070702546	0.8132980324
row-948	1.6122161697	-1.6607083837	0.4592946089	-0.4472777255	1.6284776619	0.5676077412
row-949	-0.7193404510	0.6025010727	1.4267948532	-1.4308013315	-0.6836700506	1.3869414818
row-950	0.7824934861	-0.7640663754	-0.2715489317	0.2769706774	0.7773779868	-0.2215467469
row-951	0.1716734595	-0.1662325648	-0.0760505718	0.0772263809	0.1701177539	-0.0651660077
row-952	-0.3119884932	0.2029330579	1.3067462360	-1.3079125485	-0.2784203967	1.2930337905
row-953	-1.7696167289	1.7744394078	0.0662292878	-0.0789456621	-1.7724611648	-0.0496964163
row-954	-0.4983457321	0.5697784180	-0.8070701541	0.8028032645	-0.5208691187	-0.8440044063
row-955	0.8545837132	-0.8636026266	0.0468472602	-0.0406407930	0.8580311595	0.1032395132
row-956	0.8421765867	-0.8515971335	0.0524426711	-0.0463210992	0.8457390737	0.1080487933
row-957	-0.6161020894	0.5704762059	0.5804740491	-0.5844383648	-0.6024283784	0.5430086444
row-958	-0.6129637079	0.6621440032	-0.5368894827	0.5320197901	-0.6286764975	-0.5799514046
row-959	0.4179125753	-0.3898589007	-0.3596306636	0.3623480608	0.4095349262	-0.3340400736
row-960	-0.5469170414	0.6148818519	-0.7628289706	0.7582482848	-0.5684024631	-0.8027247634
row-961	-0.2202501548	0.1873738947	0.4027122093	-0.4039672891	-0.2102268247	0.3903324235
row-962	1.0455978810	-1.1904957177	1.6346888901	-1.6257850850	1.0913119911	1.7118774205
row-963	0.1646929297	-0.0612339088	-1.2305583155	1.2307248691	0.1327473381	-1.2261280127
row-964	-0.1391229246	0.0624928691	0.9126420303	-0.9128880898	-0.1154745242	0.9082407505
row-965	0.1498604146	-0.2024713669	0.6095181915	-0.6079304085	0.1662835220	0.6225298789
row-966	0.0384802570	-0.1453761526	1.2569281727	-1.2556065174	0.0716461767	1.2659839621
row-967	-1.2478626266	1.2114295933	0.5160823360	-0.5246595685	-1.2375203621	0.4367737826
row-968	-0.9456391416	0.8401857330	1.3083652329	-1.3141032780	-0.9136708378	1.2530282606
row-969	-0.8435037389	0.8813938429	-0.3878204139	0.3814107158	-0.8558924939	-0.4452554261
row-970	-0.5034193932	0.3419262938	1.9379555060	-1.9399791304	-0.4537421654	1.9149434311
row-971	0.9047070734	-1.0502283465	1.6518325193	-1.6439312891	0.9505070029	1.7198530904
row-972	0.7980900771	-0.8420419381	0.4624069302	-0.4562630361	0.8123232803	0.5172454597
row-973	-1.0412733893	1.0403201220	0.0836417717	-0.0910872066	-1.0417719311	0.0156610508
row-974	-0.5996877434	0.6037975110	-0.0067256916	0.0023921398	-0.6014190313	-0.0461620796
row-975	0.5701289760	-0.5960284556	0.2655394842	-0.2612043011	0.5785922991	0.3043778418
row-976	-0.5067079324	0.5057788924	0.0461832099	-0.0498017800	-0.5068063405	0.0131306696
row-977	0.1887971216	-0.2311906420	0.4864138253	-0.4846472792	0.2020826272	0.5013444740
row-978	0.0368243592	0.0057860628	-0.5046591425	0.5045057603	0.0236436687	-0.5048604689
row-979	0.1176184458	-0.0956427094	-0.2671293759	0.2677563676	0.1108958967	-0.2607887193
row-980	-2.2090414361	2.2122991338	0.1152272890	-0.1310743102	-2.2117358370	-0.0293156081
row-981	0.4289045370	-0.4263671828	-0.0597243631	0.0627701769	0.4284450545	-0.0318540843
row-982	-1.8491459169	1.9009114433	-0.4813897438	0.4676445796	-1.8666027763	-0.6053846858
row-983	0.0779270070	0.0511654761	-1.5265757156	1.5258702194	0.0379691532	-1.5293835045
row-984	-0.1411057033	0.0352773850	1.2568366186	-1.2568111170	-0.1084076681	1.2540925434
row-985	0.4931703744	-0.4249462343	-0.8382112806	0.8410743305	0.4723977033	-0.8101613818
row-986	0.0174734790	0.0772637895	-1.1175483762	1.1167463027	-0.0118807286	-1.1222039903
row-987	0.1034940241	-0.1550124421	0.5998686183	-0.5986234775	0.1195431001	0.6097837687
row-988	-0.2697515176	0.2474785999	0.2812103639	-0.2829236099	-0.2630528577	0.2649471892
row-989	-0.3276691711	0.4451759733	-1.3618515479	1.3583556626	-0.3643448843	-1.3904528920
row-990	-0.6312314723	0.7537135165	-1.3993677575	1.3936498943	-0.6696809446	-1.4481089748
row-991	-0.5472740722	0.5132811263	0.4386115129	-0.4421969186	-0.5371539603	0.4049316117
row-992	-0.7308291400	0.6546954597	0.9479395954	-0.9524267013	-0.7077858283	0.9048445765
row-993	0.5077086660	-0.4967825095	-0.1640534732	0.1675813684	0.5047088389	-0.1315473081
row-994	0.1161670442	-0.2019736818	1.0030213868	-1.0013499457	0.1428547628	1.0158628591
row-995	-1.2379336604	1.3484381317	-1.2160410575	1.2060968671	-1.2731328674	-1.3036925502
row-996	0.0170412337	0.0277242371	-0.5286773879	0.5283612818	0.0031774153	-0.5303032629
row-997	-1.6118296675	1.6483271890	-0.3179824475	0.3060857204	-1.6243726395	-0.4255363197
row-998	0.1184366432	-0.2078169064	1.0449732535	-1.0432505895	0.1462338779	1.0581817113
row-999	1.0359481596	-1.1039038318	0.7287146169	-0.7206329114	1.0578036692	0.8005642014
row-1000	-1.6611830461	1.5758727403	1.1207678040	-1.1318257616	-1.6360045398	1.0174430049
