	i1	i2	i3	i4	o1	o2
row-1	-0.8097137622	-0.1954168496	-0.6446745697	-1.1921527805	-0.4284708655	0.3140366714
row-2	0.3922149461	-0.0045491742	1.1538020560	-0.3537420548	0.2484733039	1.0870306476
row-3	-0.7843807761	0.9909826842	0.2475357382	0.8087719693	-1.2203277643	-0.4129243428
row-4	0.3967427253	-0.0533452148	1.1260018972	-0.3875238683	0.2832899310	1.0955288813
row-5	0.6238572537	-0.3390389681	-0.6675338401	0.7668706681	0.6470882412	-0.9474976416
row-6	-0.3666005281	0.1937360738	0.6243678902	-0.8650813799	-0.3994869909	1.0234611887
row-7	-0.4421678558	-0.3836167269	-0.0873004048	-1.0745319135	-0.0752780373	0.7068699052
row-8	-1.0464644805	0.7243302977	-0.4022675286	0.7407619748	-1.2414538555	-0.8296265710
row-9	-0.6874818698	0.6003896139	0.4717643538	-0.9312059456	-0.8672278786	0.8923157221
row-10	0.2666287362	-0.0436581313	1.0629915697	-0.5012763369	0.1866226372	1.1323696477
row-11	-0.6065097007	0.7179289868	-0.2099355374	0.8543959744	-0.9254337372	-0.7600238597
row-12	0.2168008550	0.1498401310	1.1583849670	-0.4117101103	0.0268377115	1.1189876633
row-13	-0.5884700325	0.7755445568	0.8182713663	-0.7541276459	-0.9193319723	1.0184957481
row-14	-0.4995003067	1.0107642881	0.4536606715	0.8627717702	-1.0319523953	-0.3055453347
row-15	0.9723457416	-0.2397828800	0.7057075894	0.5885421367	0.8101125219	0.0906699189
row-16	-1.0032397041	0.6659319162	-0.4940273259	0.7047992827	-1.1759467730	-0.8747274766
row-17	-0.1932883483	1.0873652783	1.0020904307	0.6153670508	-0.8652376177	0.2252581464
row-18	-0.4896344416	-0.0666584337	0.1667589497	-1.0203622828	-0.3118460955	0.8144138569
row-19	-0.2197335952	0.5703260372	-0.2362898401	0.8871166894	-0.5531054022	-0.7881124378
row-20	-0.5525523543	0.6936627569	-0.2257122886	0.8554965828	-0.8716332113	-0.7709125883
row-21	0.2473870648	-0.3974144182	0.7472273769	-0.7268288741	0.4043485572	1.1011654413
row-22	0.7663279839	-0.1125368770	0.0407640526	0.9567007092	0.5971984341	-0.6018667985
row-23	-0.2959630698	1.0631977571	1.2019912514	0.0323292523	-0.9170930420	0.7525946630
row-24	-0.7057699801	0.2494760476	-1.1293128712	0.2935026487	-0.6995591911	-1.0542127621
row-25	-0.5682143255	-0.5123079771	-0.4604041749	-1.1517995212	-0.0735490645	0.4895518005
row-26	0.9252129676	-0.4666494594	-0.0330169721	0.8543602327	0.9363320975	-0.5796213763
row-27	-0.1506012672	0.0525447630	-1.0981699041	0.3356923979	-0.1616158878	-1.0007190388
row-28	0.3751333081	0.4817533926	0.2750666281	1.0366849985	-0.0635764757	-0.5093769499
row-29	-0.0047437213	-0.8201450591	-0.0510596650	-1.0181639123	0.5141414228	0.7821254736
row-30	-1.2393922737	1.1001735415	-0.0497867928	-1.0456023618	-1.5211688693	0.5063106211
row-31	0.2858839211	0.4858952687	1.3293177044	-0.0252902152	-0.1422558153	0.9376429829
row-32	-0.4406651060	1.0007837654	0.4703363965	0.8831335661	-0.9837919132	-0.3062153876
row-33	0.5314962642	0.2736463199	0.1649047495	1.0197236337	0.1822994355	-0.5671198698
row-34	-0.1378932636	0.1495947189	0.8730635844	-0.7194991655	-0.2172682123	1.1210111043
row-35	0.7523058597	-1.2437613631	-0.4620743226	-0.9726666406	1.3564881686	0.4913868135
row-36	-0.6378320287	-0.8995813268	-0.9485624646	-1.2336110440	0.1307987577	0.2309161059
row-37	0.7693762822	-0.4266973340	-0.4569004631	0.8613650951	0.8053914831	-0.8673153477
row-38	-0.3989304212	0.4707313331	0.8202981385	-0.7673858296	-0.5990441938	1.0692254642
row-39	-1.1574989207	0.1966247112	-1.1445029060	-1.2676677271	-0.8783567783	-0.1035833121
row-40	-0.1268264451	-0.2240361047	-1.5715252314	-0.1374652451	0.0775614963	-0.9219466800
row-41	0.0563693116	-0.2641832859	0.7107068863	-0.7792796680	0.1842672380	1.0959432063
row-42	-0.0685572600	0.6432016599	0.0283865562	0.9796137219	-0.4881199417	-0.6568471551
row-43	0.7907708337	-0.4073795503	-0.3702199094	0.8829977300	0.8073677805	-0.8241892137
row-44	1.0001161538	-0.7250310446	-0.1455727205	0.7657637507	1.1565669193	-0.5929964067
row-45	1.1892744780	-0.9593093746	0.4081922282	0.0539053408	1.4320540480	0.2643077149
row-46	0.5159690011	0.4257005906	0.4414330385	1.0209487791	0.0717961770	-0.3838787843
row-47	-1.0588963849	0.4157204705	-0.9834321461	0.4020358366	-1.0611430343	-1.0429332962
row-48	-0.6004746718	-0.9337196240	-0.9238664681	-1.2269347473	0.1784837880	0.2563761691
row-49	-0.0947356352	-0.5947200114	0.1695849946	-0.9819432732	0.2984821159	0.8809403920
row-50	0.4357065361	-1.2649349124	-0.7488165954	-1.0547113052	1.1587391366	0.3924426230
row-51	0.3521704365	-0.1481720743	1.0384638945	-0.4982006085	0.3139864461	1.1214714552
row-52	0.9411308200	-0.8482194484	-0.5273281545	0.7828558640	1.2005674826	-0.8545219757
row-53	-0.4835142221	-1.0239008059	-0.8568374458	-1.2054442850	0.3196521584	0.3267644983
row-54	0.3669967268	-0.3798285110	0.8530934691	-0.6381289023	0.4759808931	1.1103006981
row-55	0.8573488077	-1.1375622072	-0.0270533514	-0.8722954755	1.3424194334	0.6938791330
row-56	0.8085312891	-0.3753974162	-0.2707923172	0.9008512737	0.7984922874	-0.7700567299
row-57	-0.9296201976	0.7665094640	-0.2739433831	0.7961829549	-1.1850659206	-0.7716902172
row-58	0.8676054976	-0.2425308155	1.0664243880	0.0545349032	0.7331920301	0.7240377452
row-59	1.0518567420	-0.5850607532	0.3162536585	0.6128106047	1.0938609560	-0.1853046077
row-60	-0.7528598919	0.6779658213	-0.3599562038	0.7847767799	-1.0058900493	-0.8260615078
row-61	0.8864834707	-0.2971054962	0.1106876099	0.8864907966	0.7986253730	-0.5067906039
row-62	-0.0088126122	-0.4343800618	-1.8568539416	-0.3822995196	0.3426167633	-0.8549378337
row-63	0.4779259486	-0.8789868056	0.2759994342	-0.8647671639	0.8915256798	0.9086177482
row-64	-1.1639622891	0.3187227935	-1.2109906579	0.2226415297	-1.0724973353	-1.0950832123
row-65	0.5016294025	0.3087426333	0.1706534095	1.0231497032	0.1384290839	-0.5664722380
row-66	-0.4207620130	0.1910061632	0.5396207634	-0.9020905049	-0.4333638654	0.9835400917
row-67	-0.1745159658	0.6762125833	1.1887923146	-0.4064235205	-0.5811423364	1.0791028297
row-68	0.2069952292	0.7325853788	0.5379648003	1.0209734307	-0.3468227680	-0.3295525930
row-69	0.3073989243	-1.1206296620	-0.3913231634	-1.0291179833	0.9508742617	0.5975734642
row-70	-0.3727419159	0.2419702027	-0.9388031257	0.4619692342	-0.4542843367	-1.0087592115
row-71	-0.6529004512	-0.0540274324	-1.7145915795	-0.2669880900	-0.4224207971	-1.0130853277
row-72	-0.5411385185	0.6650417512	-0.2728763371	0.8401163980	-0.8457731352	-0.7945723162
row-73	0.7564465993	-0.6178322438	-0.7535651594	0.7363350677	0.9237894645	-0.9732212302
row-74	-0.7239052685	1.0676404237	0.4632848734	0.7009444838	-1.2253290917	-0.1983313243
row-75	0.0346827132	-0.3296347593	0.6236095538	-0.8210491842	0.2121250537	1.0690999777
row-76	-0.3009820274	0.2709201248	-0.8363721328	0.5451758715	-0.4217340276	-0.9889199015
row-77	0.5603020840	0.2218740766	0.1280552316	1.0131693568	0.2362243988	-0.5866200342
row-78	0.4335764331	-0.3911942666	-1.0760613479	0.4293897434	0.5573940563	-0.9771840567
row-79	0.0407111567	0.4092795323	1.1982939437	-0.3956608784	-0.2620398780	1.1096008988
row-80	-0.8686279218	1.1392894952	0.6097574736	0.2920372198	-1.3643749853	0.1655451900
row-81	0.8091059361	-1.1251923500	-0.0315991325	-0.8826382296	1.3001615616	0.7030150371
row-82	0.1208064789	0.5623605855	0.0707186471	1.0049547395	-0.2988569693	-0.6367851531
row-83	1.0658012306	-0.8349380262	-0.0369601542	0.6434677388	1.2715787197	-0.4382243038
row-84	0.4756824540	-1.1304213004	-0.2990375413	-0.9895025520	1.0755378285	0.6263848326
row-85	1.0448178004	-0.8969160415	-0.2109955204	0.6902183263	1.3002670799	-0.5838975745
row-86	-0.5001983784	0.5075574078	-0.5399138524	0.7209579332	-0.7186777125	-0.9084090157
row-87	0.9028366389	-0.9581813026	0.4355316720	-0.7028816067	1.2394077469	0.8705401407
row-88	1.0607816290	-0.5075391989	0.7125403122	0.3089012026	1.0426192319	0.2915929496
row-89	-0.6111137707	0.9921896308	0.9725292030	-0.5648893651	-1.0767206453	0.9859680337
row-90	0.9676387648	-0.8496697773	0.6470176569	-0.5347438387	1.2066555050	0.8795610530
row-91	-0.6132536302	-0.1715936337	-0.1849878286	-1.1045454433	-0.3227101910	0.6142187137
row-92	0.5243075762	-0.7820568122	-1.4128745751	0.1311320386	0.9034658048	-0.9284391802
row-93	-0.5816267153	0.5603746172	0.6248956175	-0.8694641568	-0.7751776313	0.9748643603
row-94	0.1092022246	0.1750611232	1.1065884032	-0.4968968184	-0.0638981075	1.1386065107
row-95	0.7559259688	-0.6415582619	-0.7852521086	0.7192621044	0.9394547709	-0.9812658251
row-96	-1.0508822097	0.6362568427	-0.5687131964	0.6648420044	-1.1913838555	-0.9044894175
row-97	-0.3867091764	1.0392026224	1.1731487918	-0.1810204287	-0.9613716984	0.8763581330
row-98	-0.5397010787	1.0986196279	1.0812127843	-0.2503466335	-1.1028163482	0.8499347068
row-99	0.4363790742	0.6969227190	1.1467495234	0.6942150485	-0.1698452022	0.2976382147
row-100	0.8970755398	-0.0848367933	0.6108222534	0.7709780035	0.6615510371	-0.0982483910
row-101	-0.9301003973	0.8537237659	0.2518122591	-0.9934537487	-1.1778397092	0.7301327697
row-102	1.1506451464	-0.8864233465	0.6128791110	-0.2067614160	1.3554240426	0.5932251572
row-103	0.8435128811	-0.6821388782	0.7948444143	-0.4901928538	1.0073246022	0.9555689100
row-104	-0.7648479782	0.7097867939	-0.3061191329	0.8041889073	-1.0338674739	-0.7995350445
row-105	-0.9858498822	1.1553171924	0.6151076867	-0.0140518687	-1.4467816365	0.3696498219
row-106	-0.3614352667	-0.2998086947	0.1409923802	-1.0174116548	-0.0766991209	0.8309189885
row-107	0.6810203692	0.1366284011	1.2264449413	0.1855325143	0.3580572425	0.7324603028
row-108	-1.0870330460	0.9568254229	0.0126913996	-1.0508553807	-1.3346082939	0.5704471840
row-109	-0.5864007775	0.3839893099	-0.8150238997	0.5432090146	-0.7029725724	-0.9930950707
row-110	0.9707079267	-1.0081093578	-0.6277082709	0.7365047465	1.3271769722	-0.8870883649
row-111	0.8415678242	0.0851564057	0.8894517067	0.6669817421	0.5089847944	0.1583116163
row-112	-0.7461931527	0.9812288342	0.2444167113	0.8309352836	-1.1875446819	-0.4290343723
row-113	1.0075657032	-0.7511532631	0.7653628963	-0.3579687911	1.1660769625	0.8226642297
row-114	0.7838770911	0.1918190221	0.8178620458	0.7883744689	0.4027673824	0.0260787113
row-115	1.0554680775	-0.5393527813	0.4406171166	0.5557455383	1.0645107554	-0.0637262401
row-116	0.3440627966	0.7668578598	1.2301982014	0.5781000944	-0.2812131587	0.4293911384
row-117	-1.2570233679	0.4746839696	-1.1582538510	-1.2653108231	-1.1069977694	-0.1579777882
row-118	0.4394141429	-0.3598467029	-1.0243459779	0.4767260688	0.5384483358	-0.9804238906
row-119	-0.5832322323	-0.9369393499	-0.9104423191	-1.2229550130	0.1927369452	0.2667344117
row-120	0.4849758630	-0.4684053795	0.8416783603	-0.6120867522	0.6165909052	1.0877585467
row-121	0.2074642391	-0.1761038321	-1.0880018706	0.3768554449	0.2528501445	-0.9751958641
row-122	0.1261619179	0.2941657327	-0.4144348690	0.8440437318	-0.1249970306	-0.8663615066
row-123	-0.2080466524	0.5705911389	1.1028346438	-0.5303206659	-0.5356781343	1.1114455382
row-124	-0.9536763971	0.8269883456	0.1517588168	-1.0233931658	-1.1729322730	0.6758936946
row-125	-0.8964546229	0.3582628596	-1.0205482631	0.3784076621	-0.9090695508	-1.0479515073
row-126	1.0400436418	-0.4360905309	0.6766585369	0.4330421004	0.9829431123	0.1796817950
row-127	-1.1766802559	0.6715209255	-0.5517586141	0.6662339724	-1.3001524446	-0.8916157194
row-128	0.9682766003	-0.8997206031	-0.5010337907	0.7666469559	1.2528428680	-0.8259163613
row-129	0.0468899773	-0.2132700608	0.7499584532	-0.7617804441	0.1444821113	1.1062448575
row-130	0.8867447885	-0.5267602562	-0.2594583424	0.8671857223	0.9509688019	-0.7379243249
row-131	-0.8597217844	-0.6918464088	-1.1131231983	-1.2730021673	-0.1498632131	0.0680481462
row-132	-0.1941722330	-0.3195171142	-1.8838227320	-0.4183370214	0.1296878625	-0.8837902371
row-133	0.0635215701	0.3295049201	-0.4195101294	0.8354554682	-0.1935135587	-0.8681337917
row-134	0.7876839614	-1.1287044067	-0.0591674383	-0.8929340225	1.2883354580	0.6942861593
row-135	-0.2210450799	-0.2995983667	-1.8714663152	-0.4102320743	0.0942345628	-0.8900509426
row-136	-1.1774838751	1.1664339405	0.4847172492	-0.5932374139	-1.5611526969	0.6438243917
row-137	-0.8701115705	0.2783574764	-0.3122208940	-1.1337866249	-0.7665142491	0.4646146768
row-138	-0.2134211004	0.9554144027	0.5480542052	0.9404859483	-0.7924603896	-0.2852792408
row-139	-0.7231712839	-0.6563386012	-0.8986750257	-1.2297422596	-0.0809955107	0.2169462359
row-140	0.1958330136	0.1688629118	1.1576704161	-0.4184442147	0.0000298822	1.1213714683
row-141	0.6968911029	0.2532500290	0.5659262140	0.9479438270	0.3079759605	-0.2493193767
row-142	0.3975955386	0.3609727494	0.0772468114	1.0167183320	0.0304665887	-0.6289950233
row-143	-0.4298962846	-0.9247037012	-0.7154030716	-1.1782378189	0.2911426938	0.3974869599
row-144	-0.6025316212	0.4989408725	-0.6137896550	0.6712362402	-0.7874733322	-0.9334257937
row-145	-0.3486370946	-0.7916377489	-0.4320458963	-1.1274606312	0.2571110756	0.5557571764
row-146	-0.8483969617	0.5812696331	-0.5844203404	0.6699519368	-1.0149203045	-0.9180071085
row-147	-0.1814429623	0.4338584147	-0.4554764696	0.7938914356	-0.4395646455	-0.8803860184
row-148	-0.9353944857	1.0324664807	0.5283376815	-0.8611689372	-1.3043721029	0.8368837085
row-149	1.0665166763	-0.8270643462	-0.0222723351	0.6408423704	1.2667002321	-0.4268277342
row-150	0.0403517289	0.3421310912	-0.4208539389	0.8325356155	-0.2185673418	-0.8685743351
row-151	-0.4989115180	-0.0083134772	0.2097011949	-1.0098538122	-0.3555083014	0.8314021981
row-152	-0.4677126366	0.3049514309	0.5714919622	-0.8918207254	-0.5373245974	0.9846113634
row-153	0.3091958339	-1.0606054479	-0.2396420552	-1.0053861197	0.9063686756	0.6768922540
row-154	1.0289308480	-0.6556785969	0.0791490546	0.7084251773	1.1279812709	-0.4065987643
row-155	-1.0574080968	1.1046197992	0.4266939122	-0.8754571749	-1.4276576740	0.7635345865
row-156	0.9030246645	-0.4128262307	-0.0258718041	0.8740970077	0.8862214321	-0.5884244870
row-157	0.2748859503	0.5898638752	0.3320434663	1.0382322011	-0.2051976061	-0.4755352817
row-158	0.9656967011	-0.5558212979	0.9055589855	-0.1702201619	1.0064527627	0.7798963445
row-159	0.4725932622	-1.1236521042	-0.2823913302	-0.9872818827	1.0681410152	0.6355944681
row-160	-0.8885755789	0.6294365940	-0.5130788638	0.7041191643	-1.0728958445	-0.8879526357
row-161	-1.4242284815	0.7929194263	-0.4113762263	0.7111094386	-1.5410563187	-0.8081829606
row-162	-0.6962981954	1.1105265216	0.9600624088	-0.4367007710	-1.2123937466	0.8824727929
row-163	0.0228719489	0.6453650204	1.2919956841	-0.1999215560	-0.4266343052	1.0175295211
row-164	0.8896194754	-0.5951326209	-0.3505808176	0.8508343083	0.9981247253	-0.7866445423
row-165	-0.5379588261	-0.9880277982	-0.8855352663	-1.2156668806	0.2573247413	0.2969197125
row-166	0.0658585258	-0.2447717536	0.7384891131	-0.7644013965	0.1781532711	1.1036425957
row-167	0.7179373389	-0.6129906540	-0.8362474187	0.6836607860	0.8951612555	-0.9901137621
row-168	-0.5649915536	0.7866944684	0.8615535556	-0.7237875779	-0.9115686493	1.0301545904
row-169	-0.4880207131	0.3900357126	-0.7465062243	0.5962489791	-0.6355419600	-0.9737186057
row-170	-0.9686667935	-0.4920406588	-1.2115888723	-1.2866579982	-0.3416489119	-0.0394003405
row-171	1.1715484941	-0.8939521109	0.5431393957	-0.0530116050	1.3749288650	0.4324394887
row-172	-0.9027118022	0.9530476912	0.1098711452	0.8052149035	-1.2795873294	-0.5048979468
row-173	-1.3880054638	0.6644038734	-1.3180472756	-1.2850146294	-1.2982157821	-0.3093554131
row-174	0.4360228583	0.0573846025	-0.3982113827	0.8799228570	0.2532833523	-0.8592505625
row-175	1.0089224313	-0.9620160276	0.5014114545	-0.6176615388	1.3136390586	0.8395825938
row-176	-1.0216071308	1.1685737017	0.6413006452	-0.2452777692	-1.4725775580	0.5356491212
row-177	-0.9089376519	0.3900334426	-0.9667314590	0.4189415614	-0.9385152703	-1.0364638871
row-178	-0.7838543281	-0.7885870935	-1.0467288499	-1.2606020100	-0.0398531028	0.1351535717
row-179	-0.5700338523	-0.3111429393	-0.2456099063	-1.1139938132	-0.2051811492	0.5967437712
row-180	-0.1863835755	0.1277697732	0.8014636022	-0.7659785940	-0.2361864238	1.1013423667
row-181	-1.3314723001	0.7906331810	-0.3836050223	0.7231825567	-1.4771142059	-0.7984683901
row-182	0.6093350605	0.3764418144	0.5774912178	0.9792105572	0.1676410360	-0.2641666823
row-183	-1.2825231285	1.1546917400	0.3505565354	-0.6556317948	-1.6187403298	0.5909439293
row-184	0.6067447404	0.1730897139	0.1414795352	1.0072453987	0.3004976205	-0.5723087605
row-185	-0.8104377961	1.0037861812	0.7127123824	-0.7703010003	-1.2097558629	0.9217251764
row-186	-1.4887793846	0.8552378915	-0.3091777975	0.6899562106	-1.6195701142	-0.7146638718
row-187	-0.6799934477	0.2861688623	0.1516987014	-1.0313808771	-0.6590414146	0.7562416464
row-188	-0.8627581120	-0.5102764175	-1.0407488262	-1.2564316394	-0.2625763041	0.0893309856
row-189	0.8426691740	-0.7927619476	0.6618736117	-0.5970405098	1.0822706686	0.9474205928
row-190	-0.3714740126	-0.0626720041	0.3722277530	-0.9555004653	-0.2373020189	0.9289584368
row-191	0.7294893537	0.0022747536	0.1416783749	0.9751020602	0.4967691281	-0.5477933986
row-192	-0.4759614382	-0.0014578928	0.2581638683	-0.9955402110	-0.3451436629	0.8582263811
row-193	-0.3183401684	-1.0818121113	-0.7835501529	-1.1727342047	0.4782843835	0.3923606811
row-194	0.8396927716	0.0642008361	0.7175137130	0.7882330338	0.5248062955	-0.0396639474
row-195	0.0064477507	1.0126968163	1.1487770657	0.5703270732	-0.6768050598	0.3616333711
row-196	-0.8861103844	1.0305671967	0.2944027245	0.7012852668	-1.3149299296	-0.3120593166
row-197	0.8387185515	0.0884671106	0.9341367496	0.6263420502	0.5039125080	0.2165987498
row-198	-0.3028816273	-0.2112840187	-1.7562263327	-0.3153509881	-0.0426171620	-0.9223133698
row-199	-0.2249562610	0.0312353347	0.6707562529	-0.8337064755	-0.2000644849	1.0614945474
row-200	0.9921996000	-0.5051280745	0.1711311824	0.7589056532	1.0041363485	-0.3804520620
row-201	0.8534819425	-1.0400026333	0.2257426897	-0.8014842905	1.2657291625	0.8092188219
row-202	-0.5206850241	0.4567759904	0.6276249595	-0.8690132474	-0.6693497126	0.9910341725
row-203	-0.8357770366	-0.5395307546	-1.0114381658	-1.2512755125	-0.2271563759	0.1155833402
row-204	1.1325086930	-0.8431097709	0.6525550708	-0.1890439463	1.3135235152	0.6087620866
row-205	0.2494143375	-1.2457046925	-0.7861853356	-1.0848182716	1.0139943548	0.3996298417
row-206	0.0689728371	-0.8611438288	-0.0438937709	-1.0062946977	0.5941151111	0.7869887858
row-207	0.0925422755	0.1227350043	1.0600217489	-0.5458402307	-0.0416531744	1.1444217553
row-208	-1.0828056248	0.6719331135	-0.4400361791	-1.1525856570	-1.1388502918	0.3209592435
row-209	-0.5713079507	-0.1011117304	-1.7621650178	-0.3158831563	-0.3225390451	-0.9854765349
row-210	-1.0215477277	0.2854890572	-1.2153863551	0.2187558464	-0.9497952776	-1.0878701096
row-211	0.6297278590	-0.3983289468	0.9777686899	-0.4401275163	0.6706070921	1.0467639573
row-212	-0.0510143386	-0.1455540918	0.7131753720	-0.7940238234	0.0329315011	1.0918959539
row-213	1.0233598155	-0.7404115993	-0.0754384671	0.7289184499	1.1815217301	-0.5218845239
row-214	0.3813773883	0.1270512749	1.2209885741	-0.2561411490	0.1557026682	1.0540319075
row-215	-0.2065585326	-0.2819968196	-1.8038062591	-0.3545852485	0.0845588499	-0.8946825997
row-216	1.2542370055	-1.1645451677	0.2945298821	-0.2259284402	1.6189641104	0.3841907799
row-217	-0.7208205112	0.0086974270	-0.2317743322	-1.1172731092	-0.5051588867	0.5572429628
row-218	0.2907686348	0.6979268466	0.5983302214	1.0138406284	-0.2650342064	-0.2822913424
row-219	0.4088826501	-0.3895648570	-1.1123877875	0.3902326375	0.5406514937	-0.9726536768
row-220	0.0068915493	0.3868287155	-0.3744330976	0.8513528898	-0.2715303627	-0.8506822727
row-221	0.8817529076	-0.9429845641	-0.8264592551	0.7039210507	1.2252688810	-0.9921348496
row-222	-0.5342343850	-0.0880921336	0.0608762093	-1.0484212301	-0.3266004072	0.7545416886
row-223	1.2582452131	-1.2710832736	0.0172428015	-0.7414419400	1.7125377277	0.5754879404
row-224	-0.5900756506	0.7389043408	0.7819982165	-0.7802179431	-0.8964588515	1.0126314408
row-225	-0.4799548518	1.1127081306	0.7495290573	0.6466954831	-1.0829205671	0.0296708494
row-226	0.9345380460	-1.1991708181	-0.1516230943	-0.8861349443	1.4431478331	0.6136736074
row-227	0.3735306251	0.7453032065	1.2126308967	0.6076970820	-0.2463422445	0.3985329480
row-228	0.6779946191	0.3667896707	1.1148052838	0.6058418032	0.2111015781	0.3484499951
row-229	0.1761287808	-0.8065181978	0.1499163757	-0.9484718490	0.6307217148	0.8781431073
row-230	-0.2150335059	0.6145136800	-0.1503932287	0.9172720559	-0.5772042217	-0.7468596457
row-231	0.8995597906	-0.9540595026	-0.7883520535	0.7181230810	1.2442878235	-0.9778149547
row-232	-1.0860136467	0.8573905309	-0.1626923142	0.7891829149	-1.3488807934	-0.6849991182
row-233	-0.0151788384	0.1336297260	0.9801418319	-0.6307307913	-0.1229473404	1.1427524448
row-234	-0.7907860830	0.7871128342	-0.1718774773	0.8410858270	-1.0995066603	-0.7264698153
row-235	0.5750593058	-0.7803126913	0.5139362095	-0.7618269845	0.8897422266	0.9864814360
row-236	-0.6305394379	0.9128488084	0.8838553976	-0.6812502041	-1.0363554907	1.0038887963
row-237	-0.3358988223	-0.8807400652	-0.5355031421	-1.1416520028	0.3262204174	0.5059406918
row-238	-0.0861489999	-1.1766559457	-0.7761361416	-1.1351654295	0.7179027233	0.4223360698
row-239	-1.2204655206	0.4692711049	-0.9461001628	0.4247030066	-1.2076562348	-1.0327253048
row-240	0.4753357850	-0.9168620315	0.2022443259	-0.8857974640	0.9166772818	0.8760642735
row-241	0.6520365744	0.4248960260	0.9373862312	0.8087257110	0.1598794798	0.0884768535
row-242	0.4954349486	-0.4082096915	-0.9985265432	0.5119714289	0.6090569806	-0.9844371296
row-243	0.7950352116	-0.6081673624	-0.6442215842	0.7893892645	0.9431000518	-0.9386206691
row-244	0.0331658309	-1.0278730081	-0.3882470404	-1.0697839761	0.6883416811	0.6127637805
row-245	0.0432558113	-0.9132487873	-0.1602475172	-1.0316984896	0.6128690672	0.7290532691
row-246	1.1045688299	-1.1253727413	-0.2681180087	0.5455297645	1.4929627010	-0.5208255129
row-247	0.7206833041	-1.2731478985	-0.5955484846	-0.9961988085	1.3597991471	0.4247987225
row-248	-0.3103972758	0.4413555481	0.9076886120	-0.7087775936	-0.5213566105	1.1006639336
row-249	0.3176933358	-0.4381448936	-1.3182279471	0.1673410005	0.5222098265	-0.9347256056
row-250	-0.4430573034	-0.7429456913	-0.5106275370	-1.1495956787	0.1605190568	0.4965804897
row-251	1.1136354243	-0.7495250451	0.3484541424	0.4264162539	1.2422027489	-0.0356537868
row-252	-0.2603728703	0.0723975433	0.6620238604	-0.8408519763	-0.2504789354	1.0536680956
row-253	0.8584545213	-0.0252064607	1.0488502124	0.3868294951	0.5876106170	0.4655138900
row-254	0.8622146108	-0.4346707632	-0.1985367282	0.8893867793	0.8737732970	-0.7132694276
row-255	-0.1787071822	-0.1006757647	0.6072468846	-0.8555943000	-0.0834501950	1.0473440179
row-256	-0.2718009972	0.4989895341	-0.4060791036	0.8098178320	-0.5467101706	-0.8604780319
row-257	0.6791245424	-0.5509995487	0.8617840876	-0.5233463818	0.8060858652	1.0330091374
row-258	-0.1401855039	0.0232575087	0.7655235914	-0.7798477220	-0.1373876791	1.0980993396
row-259	-0.4406128790	0.5174933048	0.8029378339	-0.7777053136	-0.6565487300	1.0564557691
row-260	0.4751589873	-1.1883030844	-0.4700798952	-1.0151174085	1.1210374724	0.5352479501
row-261	0.8964502599	-0.7050142694	-0.4826508469	0.8192000463	1.0755501792	-0.8512702206
row-262	1.2136021704	-1.2131649007	0.0482948464	0.1179278958	1.6243651895	-0.0181176901
row-263	0.7566545609	-1.0270427828	0.1801903230	-0.8376353267	1.1903100375	0.8139840137
row-264	-0.8338716597	0.0600697140	-1.5766983656	-0.1214693037	-0.6491251057	-1.0716507941
row-265	-0.4381731344	-0.2180860234	0.1001764986	-1.0332077752	-0.1803881479	0.7961317405
row-266	1.1172373798	-1.2841692782	-0.4079491625	0.4920908015	1.6100380015	-0.5736552489
row-267	-0.6655757207	1.1073658250	0.6063590249	0.6114388850	-1.2089951225	-0.0448680745
row-268	0.0232234112	0.9095999483	1.3079048970	0.1993412099	-0.5981425252	0.7299946461
row-269	-0.6114986529	0.4655225791	0.4771160793	-0.9306860018	-0.7326216828	0.9148694188
row-270	-0.6091308625	0.7450061777	0.7584878704	-0.7933843985	-0.9125516976	1.0025114427
row-271	-1.3135375813	0.6272920398	-0.6840427638	0.5907416612	-1.3677143127	-0.9406012421
row-272	-0.1659544652	1.0542937306	0.8853326899	0.7613277864	-0.8242259382	0.0532578164
row-273	-0.3428191073	0.6760852669	1.0421469469	-0.5875382156	-0.6942053978	1.0909544475
row-274	1.0822270315	-0.8010804528	0.0876838376	0.5910656907	1.2587348053	-0.3207614580
row-275	0.5697947376	0.2669156774	0.2366980165	1.0182798330	0.2134868763	-0.5169620392
row-276	0.9719757749	-0.2344587669	0.7648958310	0.5369638063	0.8052241871	0.1664097813
row-277	0.7153051879	0.1708923212	0.4372460163	0.9640110598	0.3754496487	-0.3446806486
row-278	0.8899387403	-0.0574761535	0.6497089218	0.7622651031	0.6383913422	-0.0665542475
row-279	0.5083441167	-0.7135660122	-1.3598659961	0.1776764124	0.8424763560	-0.9379524343
row-280	1.0197981387	-0.3821781344	0.6280203602	0.5349822040	0.9353827795	0.0757931547
row-281	-0.5458607340	-0.0585233945	0.0692024980	-1.0470914176	-0.3531056886	0.7553823923
row-282	-0.5813329648	-0.9648510486	-0.9084859170	-1.2240320799	0.2113815623	0.2745870763
row-283	-0.3890548508	0.3860073686	0.7621486764	-0.8006479127	-0.5380165218	1.0586135604
row-284	0.3104554574	0.5463456366	0.2983552428	1.0380786257	-0.1515697276	-0.4968295573
row-285	0.8435992170	-0.8217509421	-0.7875224277	0.7238763643	1.1185667497	-0.9825068189
row-286	-0.2605782847	0.6189147456	-0.1767393336	0.9039037774	-0.6132294207	-0.7584865059
row-287	1.1662475935	-0.8684241769	0.5211979135	0.0398706976	1.3542876076	0.3511493699
row-288	-0.4747061290	-0.0346079508	-1.5316357012	-0.0944271958	-0.3176881126	-1.0019819935
row-289	-0.0522622991	-0.3877450776	-1.8204609656	-0.3585162812	0.2742023581	-0.8646295554
row-290	-0.5872439863	-0.0871097842	-1.7414710839	-0.2958084524	-0.3466636774	-0.9926871111
row-291	0.1251878504	-0.7127198152	0.2468446250	-0.9319117146	0.5306286577	0.9232685778
row-292	-0.7171084918	-0.8600786505	-0.9925682786	-1.2489105812	0.0498933899	0.1892798933
row-293	0.6678502599	0.3977848431	1.0727440189	0.6726089230	0.1852003272	0.2729263278
row-294	0.3161645743	-0.7612541661	0.3458217316	-0.8731037849	0.6969162464	0.9570546198
row-295	0.4890374094	0.6183810441	0.8854594679	0.8996584971	-0.0772368412	-0.0121164284
row-296	-0.4831843801	0.4853311175	0.7129879551	-0.8277610297	-0.6635610067	1.0252188652
row-297	0.3359137135	0.3744214963	0.0029350707	1.0025789353	-0.0227063564	-0.6727444616
row-298	-0.3481613922	0.9176040311	0.3499751315	0.9503580656	-0.8643963441	-0.4271794136
row-299	0.0078575267	0.1020334719	0.9769635159	-0.6296333379	-0.0867232544	1.1435547307
row-300	-0.9046445020	-0.0164613214	-0.7006745115	-1.2017837942	-0.5985784257	0.2472223655
row-301	-0.1096322263	1.0008049362	0.7815104703	0.8684049459	-0.7488518447	-0.0823198593
row-302	0.6857860369	0.2434487534	0.5039213384	0.9660015435	0.3074404080	-0.3024423258
row-303	0.1047733423	0.6661666796	1.3277386735	-0.0665491664	-0.3838430648	0.9492115878
row-304	0.1446397636	-0.1105102671	-1.0634351899	0.3917584020	0.1623600270	-0.9796743997
row-305	-1.2472440567	0.4656169014	-0.9629326370	0.4121590733	-1.2239650003	-1.0374197339
row-306	0.8662965618	-0.3448928809	-0.0413638822	0.9007406879	0.8171812153	-0.6170309690
row-307	1.0108425127	-0.7170028230	-0.0913535169	0.7497430230	1.1579617559	-0.5465337473
row-308	0.4017032237	0.7312009504	1.1588053179	0.6832514810	-0.2164915374	0.3115493530
row-309	-1.0235172573	0.8467795277	-0.1586186712	0.8034512495	-1.2992334035	-0.6921339858
row-310	0.6998918966	-0.0875574868	1.1720578112	-0.0554394861	0.5159381746	0.8800045627
row-311	0.1473502728	0.3113968691	1.2096418233	-0.3597259174	-0.1254583406	1.1033687291
row-312	-0.0315912395	-0.3834277189	0.4954785464	-0.8791166276	0.2017292242	1.0213144291
row-313	1.2273360393	-1.2343411145	0.0666436098	0.0501045131	1.6485383850	0.0410606320
row-314	0.5753578729	0.2211129718	0.1602470678	1.0136925373	0.2472758942	-0.5649204411
row-315	0.9777977500	-1.1877088125	-0.8114124318	0.6771878851	1.4532863887	-0.9634172431
row-316	-0.7032430143	0.5705570038	-0.5348234929	0.7073162147	-0.9045021787	-0.9027238510
row-317	0.1256739643	-0.4842824688	-1.7093299001	-0.2465232623	0.4563730777	-0.8559645810
row-318	-0.8130809872	1.1194367898	0.8434424730	-0.5630422563	-1.2925842425	0.8775634166
row-319	0.6664215475	0.3095528943	0.5985869611	0.9535268221	0.2501507369	-0.2320448372
row-320	-0.4152747957	-1.0315362785	-0.8141728176	-1.1901393096	0.3738772218	0.3577418134
row-321	-0.4662400251	0.7440944658	-0.0790402562	0.9078244307	-0.8404118531	-0.6982128927
row-322	0.6372553246	0.3086339367	0.5012504009	0.9847213732	0.2317443776	-0.3175410087
row-323	-0.5646039767	0.1235697142	-1.2837088533	0.1537562299	-0.5078017290	-1.0446145538
row-324	0.8240025361	-0.0332036178	0.3847360178	0.9081484044	0.5823562659	-0.3407658951
row-325	-0.0341518371	0.7817952147	0.3391042806	1.0130065718	-0.5512820403	-0.4651018606
row-326	0.4316307358	0.1953668850	-0.1683170058	0.9620545650	0.1612683693	-0.7583721013
row-327	-0.6115032443	-0.2477249535	-0.2616102833	-1.1191555629	-0.2724925543	0.5767485392
row-328	0.7534484431	0.2564389162	1.0030588930	0.6670338775	0.3363759416	0.2326568904
row-329	-0.5138223275	-0.1124907144	-1.7385818804	-0.2959658267	-0.2733730335	-0.9750507913
row-330	0.6816240301	0.0841832523	0.1621488048	0.9911973064	0.4103750434	-0.5459156200
row-331	-1.2715977197	0.5476970089	-1.1285440456	-1.2597998524	-1.1605241856	-0.1472570156
row-332	-0.1747166261	-1.0800848837	-0.6665262581	-1.1372903559	0.5796444177	0.4632848881
row-333	-0.1042583045	-0.3737727561	-1.8781904156	-0.4076019723	0.2333524642	-0.8681089026
row-334	1.0257888060	-0.3918161070	0.6927112797	0.4616339141	0.9444000836	0.1704965450
row-335	-1.1601674804	0.6973289277	-0.6385550506	-1.1847065685	-1.1961374382	0.1815715866
row-336	-0.9595585986	0.5141809549	-0.2850049223	-1.1270773627	-0.9692102028	0.4475747051
row-337	1.2401042894	-1.1383389230	0.2869315824	-0.1238645813	1.5903804502	0.3074508618
row-338	0.4502340894	-0.5326338546	-1.2349543504	0.2830174790	0.6723654801	-0.9572162581
row-339	-0.3298965964	-0.1043324503	-1.5486300966	-0.1154369298	-0.1591451055	-0.9678607591
row-340	0.4484137079	-0.9775359642	0.0568282955	-0.9261037424	0.9418074379	0.8112224806
row-341	-0.1741328086	0.5699164465	1.1313998216	-0.4959674684	-0.5122848168	1.1096975065
row-342	-0.7438304359	-0.0077536545	-1.6715454099	-0.2199984173	-0.5275014980	-1.0411531631
row-343	-1.3464633329	1.0665006447	-0.5220198762	-1.1530407277	-1.5451226842	0.2089729980
row-344	0.6401945721	0.4043001589	0.7678318130	0.9084718766	0.1682383336	-0.0910509480
row-345	-1.2472962433	0.4302735570	-1.1726829340	-1.2681365642	-1.0740141017	-0.1617551819
row-346	1.2387897317	-1.3238808657	-0.2615376010	-0.8448243769	1.7477950080	0.4709806149
row-347	-0.8121814301	0.1029348364	-1.4739544582	-0.0223059270	-0.6682426222	-1.0749682115
row-348	-0.6001728054	0.0076340789	-1.5383816625	-0.0960241000	-0.4406297443	-1.0276407797
row-349	0.6872823555	0.3708084463	1.0391441366	0.6943069396	0.2166929295	0.2359488614
row-350	-0.5278254028	0.5120065237	-0.5479237637	0.7143096175	-0.7415105237	-0.9109737823
row-351	1.1817640258	-0.9331523630	0.4193797711	0.0844643610	1.4092043086	0.2503776156
row-352	-0.6605831386	0.5240130217	-0.5987197483	0.6755863809	-0.8450044993	-0.9274309003
row-353	-0.2734176143	-0.9844772663	-0.6094568602	-1.1440716910	0.4413196593	0.4791351334
row-354	1.0592387971	-1.1202007487	-0.4401000495	0.6443559339	1.4603882649	-0.7010655759
row-355	-1.2560664699	1.0725774222	0.2764915613	0.0477876753	-1.5768409649	0.1094467112
row-356	0.9276737155	-0.9107956294	-0.6504011293	0.7581019671	1.2335792189	-0.9171959588
row-357	0.4832696208	0.2884601977	0.0953603132	1.0165311879	0.1385378581	-0.6134311009
row-358	0.2096496331	0.4262231579	1.2903344745	-0.1880902381	-0.1564928614	1.0298967165
row-359	0.1278245877	0.5027653366	-0.0343868824	0.9827273228	-0.2559760651	-0.6943535705
row-360	0.3965779135	0.7206712916	1.2151045197	0.6020984116	-0.2143534636	0.4053706011
row-361	0.7926207923	-0.6227207029	-0.6698718292	0.7783887536	0.9511940366	-0.9475693922
row-362	0.2596661871	-1.1827535902	-0.5926076489	-1.0628168276	0.9667695744	0.4959791280
row-363	0.7490961515	-1.1046431666	-1.3108294801	0.3329873747	1.2596906325	-1.0103907916
row-364	0.6511259209	-0.4160026365	0.9715052245	-0.4347390447	0.6970849692	1.0383628218
row-365	-0.2072117441	0.8588034154	0.3372599141	0.9844222511	-0.7254569116	-0.4535273803
row-366	0.7165084745	0.2485936518	0.6296145767	0.9205881195	0.3235479507	-0.1887346180
row-367	-1.2129009712	0.8599173682	-0.5582157623	-1.1684088562	-1.3313447370	0.2129980396
row-368	-0.2038082757	-0.3040228891	0.3694275238	-0.9407612833	0.0318407143	0.9554391029
row-369	-0.9807954528	0.3431113935	-1.0872140013	0.3242923030	-0.9591751927	-1.0643088317
row-370	-0.3370675169	1.1257647549	0.9689147395	0.5174181882	-0.9905209775	0.2633261858
row-371	-0.3069825054	0.7002290107	-0.0569990026	0.9332762201	-0.6976612270	-0.6946722717
row-372	0.6611009668	0.0714108485	0.0846661946	0.9919206182	0.4046218038	-0.5986238916
row-373	-1.2318645107	0.7380074265	-0.4476041923	0.7092953604	-1.3779514452	-0.8401775391
row-374	-0.8666484618	-0.5815048293	-1.0976313660	-1.2660985306	-0.2207835015	0.0608312752
row-375	0.5364835070	-0.5270501690	-1.0823276495	0.4507348332	0.7200364088	-0.9850181565
row-376	0.4879298388	-0.3712518999	-0.9613228103	0.5409587007	0.5780027496	-0.9837111890
row-377	-0.5455958632	1.1160813159	0.7105963494	0.6231896720	-1.1308986902	0.0180403420
row-378	-1.0546540105	0.9071917043	0.0100753797	-1.0550161161	-1.2826729184	0.5769845387
row-379	-0.5817288417	-0.0023192494	-1.5460872989	-0.1045845439	-0.4193125280	-1.0226114360
row-380	0.1989585295	0.8319731516	0.7775943400	0.9529751295	-0.4190342000	-0.1283072619
row-381	0.8292391245	-1.1733125122	-1.2014340791	0.4633423391	1.3524926270	-1.0452642759
row-382	0.9475550618	-0.8116230944	-0.4576294608	0.7926088041	1.1803662555	-0.8157994534
row-383	-0.1127262895	-0.5392657644	0.2176614569	-0.9722171809	0.2490845563	0.9009198319
row-384	0.0234363902	0.7934468085	0.4273724415	1.0155873594	-0.5174267276	-0.4057323074
row-385	0.2780887336	-0.5282886890	0.6287310303	-0.7770467465	0.5125477454	1.0654372838
row-386	0.2698341303	-0.6453215106	0.4745479824	-0.8390979084	0.5854625120	1.0122140822
row-387	-0.7785439209	-0.7405753171	-1.0496535675	-1.2569229097	-0.0644500191	0.1252210971
row-388	-0.1295720122	0.4384475390	-0.4049062444	0.8238735166	-0.4043948245	-0.8616134782
row-389	0.8866555675	-0.5297350461	-0.2642015999	0.8665688489	0.9528769143	-0.7406292245
row-390	-0.8040898670	0.6898907453	0.3285047074	-0.9776364145	-0.9959801870	0.8003200925
row-391	-0.7961309082	0.8366268580	0.5271572195	-0.8976734126	-1.0883922479	0.8816765880
row-392	0.9267159253	-0.5477697357	-0.1547852980	0.8484824154	0.9912133921	-0.6557869264
row-393	-0.3274800492	0.9818237292	1.2013244429	-0.2143556799	-0.8835461785	0.9249466712
row-394	-0.1368454299	-0.8844686325	-0.2990406370	-1.0801813091	0.4668617308	0.6509903518
row-395	0.6910953459	-0.2408142652	-0.3715628293	0.8962269222	0.6290746487	-0.8381174246
row-396	0.7570025837	-1.0800854010	-1.2700104695	0.3726435674	1.2461721791	-1.0173564600
row-397	-0.7327496896	0.3334414149	-0.9869352729	0.4093179608	-0.7755699218	-1.0350493814
row-398	-0.5306884841	-0.1040985728	-1.7335515010	-0.2906318013	-0.2925999596	-0.9800133515
row-399	0.1893046388	-0.1579145323	0.9220961778	-0.6347856004	0.2071434517	1.1370536382
row-400	-0.0097664286	-0.1589802245	-1.3182873094	0.1266328178	0.0968806253	-0.9592170008
row-401	0.7740741719	-0.5736231937	-0.6517532072	0.7865048000	0.9059499213	-0.9423678288
row-402	-1.1935878537	0.7234980905	-0.4607504213	0.7064420080	-1.3429714078	-0.8489857328
row-403	-1.2389516957	0.6859811185	-0.5477753182	0.6652367268	-1.3517333521	-0.8868964155
row-404	1.1744150529	-0.9257325851	0.3727265546	0.1642422123	1.3996642734	0.1630847879
row-405	-0.5967641870	0.7346678912	0.7678066971	-0.7889012206	-0.8979562587	1.0080351139
row-406	-0.8697609145	1.1303512754	0.7860272528	-0.5999628549	-1.3358642682	0.8582547770
row-407	-1.1980020756	0.0418361251	-1.3474183784	-1.3005130449	-0.8076643828	-0.2311269565
row-408	-1.1105266566	0.7613897896	-0.3576524607	0.7506766257	-1.3082844693	-0.8022490539
row-409	-1.0231124187	0.5126301138	-0.7874104773	0.5389569526	-1.0964471771	-0.9861645568
row-410	0.0265395492	-0.0899377614	-1.1639008788	0.2845014029	0.0671261981	-0.9793848072
row-411	0.6079989017	-0.0975516570	-0.3303952272	0.9127297250	0.4770608984	-0.8258873619
row-412	0.4556571702	0.5334584646	1.3105732678	0.3219769485	-0.0543962754	0.6755266812
row-413	-0.6303778442	0.4026288105	-0.8052701929	0.5474994344	-0.7467455780	-0.9914352102
row-414	0.8281383684	-0.4183243148	-0.2790014099	0.8923326188	0.8400540410	-0.7691730407
row-415	-0.4066867520	0.4944930508	0.8297074960	-0.7615139648	-0.6194528142	1.0692695617
row-416	0.5709076102	0.4100907231	1.2679551767	0.3636665498	0.1057306457	0.6225637312
row-417	0.4051833941	0.7084689758	0.9116294106	0.8959527250	-0.1948063566	0.0045792930
row-418	-1.0277079067	0.5906384824	-0.6442166514	0.6253906594	-1.1474540184	-0.9353869415
row-419	1.0399966025	-1.0211505344	-0.3921437045	0.6872280586	1.3809635723	-0.6997577029
row-420	0.4075421651	0.7130351287	0.9418385086	0.8776211447	-0.1966146122	0.0366884871
row-421	-0.3504816119	-0.2958287423	0.1628688214	-1.0111222863	-0.0720220073	0.8429080343
row-422	1.1108463769	-0.6717801152	0.6002858265	0.2391437502	1.1854878157	0.2642290190
row-423	-1.0378734394	0.3414113146	-1.1152406133	0.3011143728	-0.9985083704	-1.0719361946
row-424	0.4467734850	0.6731733615	0.9339100222	0.8785897538	-0.1431319976	0.0322931243
row-425	-0.0820778156	1.0284418516	0.9195245703	0.7794564045	-0.7481480145	0.0669142630
row-426	-1.4030510275	1.1212215821	-0.4752574615	-1.1367849960	-1.6187716083	0.2337692353
row-427	0.4593708710	0.2032124033	-0.1059603671	0.9792069658	0.1762812898	-0.7260497625
row-428	-1.1775593334	1.1229847770	0.2097703170	-0.9540898784	-1.5087934814	0.6475543384
row-429	0.0648877671	0.9840883329	1.0890789509	0.6856893277	-0.6166305406	0.2468825981
row-430	-0.5085190103	0.5535797842	0.7360621354	-0.8149586529	-0.7239931082	1.0250552136
row-431	-0.6826147014	1.1315066988	0.9778681455	-0.3458848572	-1.2187447708	0.8350095600
row-432	1.2078049866	-1.1643487009	0.0994589727	0.1346825456	1.5864498679	0.0034262854
row-433	-1.4242240663	1.0612328372	-0.8058108802	-1.2006965554	-1.5777715250	0.0142050092
row-434	0.8470446940	-1.1959351345	-1.1818080062	0.4855352188	1.3785610072	-1.0504253415
row-435	0.2974005265	-0.4014731853	0.7820807467	-0.6974925770	0.4418284052	1.1052391761
row-436	1.1043670799	-1.3336947179	-0.5128993329	0.5170263555	1.6357626836	-0.6587729259
row-437	-0.5793488599	-0.1084584931	-1.7876679095	-0.3391446305	-0.3207451538	-0.9835978675
row-438	0.0251971822	0.9749089268	0.9093194154	0.8364953935	-0.6370340402	0.0270805995
row-439	-0.7672368750	0.0287644460	-1.6047299667	-0.1529775751	-0.5757469562	-1.0548740502
row-440	0.3436218171	0.0791072100	-0.5050479340	0.8208458630	0.1724005431	-0.8977291215
row-441	0.5530782041	0.5663981867	1.0234911801	0.7887271789	-0.0016655189	0.1558963302
row-442	-0.5473253162	0.8623901047	0.9476442056	-0.6425578384	-0.9496866813	1.0328424688
row-443	-1.0934245078	0.7060565169	-0.4552135553	0.7155941855	-1.2631721208	-0.8522609519
row-444	0.1306180726	0.4071701283	-0.2077308294	0.9306752766	-0.1934998826	-0.7801360529
row-445	0.6131057923	0.4858801647	1.0455014234	0.7406747569	0.0913697679	0.2056153647
row-446	-0.1165813722	0.7560109447	0.2056597835	0.9989877531	-0.5943728188	-0.5491606870
row-447	0.6245477927	-0.5324779027	-0.9278542945	0.6004939828	0.7793012020	-0.9936679853
row-448	0.3478535089	-0.1899363299	1.0043876237	-0.5303845160	0.3382054249	1.1240126160
row-449	-1.1518817269	0.2932944823	-1.2554737087	0.1855194386	-1.0471422768	-1.1019364715
row-450	0.1530458466	0.2940614072	-0.3841544469	0.8609025138	-0.1052178791	-0.8549592019
row-451	0.2133750397	0.4589048327	1.3034234839	-0.1512235728	-0.1750116313	1.0103404660
row-452	-0.0665523955	0.3083811425	-0.5818408967	0.7350200813	-0.2753334838	-0.9225934812
row-453	-0.1020830303	1.0595986373	1.0582036168	0.6174427028	-0.7832146821	0.2646699957
row-454	0.2247714404	0.8192283705	1.3002527577	0.3978637392	-0.3995116892	0.5969409701
row-455	0.6999637384	0.2530247638	0.5766125412	0.9438620718	0.3100904193	-0.2394993480
row-456	0.0007863332	-0.7635871938	0.0430695876	-0.9981287225	0.4789705182	0.8277350269
row-457	-0.3111496218	0.2487608770	0.7497925438	-0.8034267446	-0.3980395048	1.0702598298
row-458	-0.3375205906	0.7437157221	1.0906724536	-0.5261401402	-0.7344347431	1.0781136580
row-459	0.1901672054	-0.8239361110	0.1338905870	-0.9501053686	0.6526388428	0.8701686416
row-460	-0.4148650532	-0.0628020729	0.3014670917	-0.9795153644	-0.2657536467	0.8905548688
row-461	-0.5762714671	-0.8924456245	-0.8744723140	-1.2161894176	0.1689348262	0.2817258167
row-462	1.0515501582	-0.4760502123	0.6240819537	0.4468287099	1.0175466194	0.1345299799
row-463	-1.3318646024	0.9314703210	-0.0925072897	0.6167572747	-1.5573348281	-0.5154128545
row-464	-0.5767831395	0.7971575897	0.8544077438	-0.7272894132	-0.9259690176	1.0256945694
row-465	-0.2702996155	1.0791405231	0.8390664087	0.7338933995	-0.9140078233	0.0373071244
row-466	0.4003712321	0.2923584217	-0.0460438635	0.9931220833	0.0764847240	-0.6971284783
row-467	-1.1074140998	0.8859948383	-0.1136360916	0.7794255321	-1.3806896049	-0.6430800665
row-468	-0.6779066105	0.6534874988	0.5471616859	-0.9004788751	-0.8959289543	0.9228688125
row-469	0.2331696684	0.3917611640	-0.1106225041	0.9695757637	-0.1085911329	-0.7335194948
row-470	-0.6620490448	-0.4565036249	-0.5841953817	-1.1775650303	-0.1698781990	0.3977860089
row-471	-0.8619944846	0.2699891512	-0.3002829124	-1.1315655698	-0.7564643683	0.4737101857
row-472	0.7538139780	0.2102232796	0.6893066019	0.8765291382	0.3728645596	-0.1192061592
row-473	0.2904591066	0.7505467465	1.3105504588	0.3838877894	-0.3093802914	0.6186224188
row-474	-0.4957280350	0.1635109171	0.3879326675	-0.9583698180	-0.4642989796	0.9083855549
row-475	0.4536118030	0.1961904153	-0.1287543450	0.9733583832	0.1766344571	-0.7379194882
row-476	-0.8250994724	0.2375191438	-1.2147894656	0.2188033311	-0.7768075002	-1.0725124172
row-477	0.5219560225	-0.8640603259	-1.5176193096	0.0282961190	0.9663115572	-0.9038265846
row-478	0.7241479506	0.2457847646	0.6543809214	0.9082883833	0.3302115469	-0.1640440635
row-479	-0.0187722570	1.0238516304	1.1519802698	0.5466093627	-0.7017564045	0.3786389407
row-480	-0.5373201127	-0.9441931583	-0.8676343659	-1.2116684208	0.2296160284	0.2985053516
row-481	-0.3289445399	0.5056529570	-0.4342947871	0.7908185278	-0.5926787565	-0.8708173660
row-482	-1.2258580979	0.1113252154	-1.3618620264	-1.3015204272	-0.8665092862	-0.2536818161
row-483	0.3485622837	0.3481677766	-0.0263968673	0.9965651735	0.0032455628	-0.6882622616
row-484	0.5668468222	0.4525589056	1.2527564418	0.4314187538	0.0760000731	0.5622685521
row-485	0.4360020118	0.6240757896	0.7283164659	0.9744107026	-0.1157424778	-0.1664168597
row-486	-0.3069314793	-0.1373883559	0.3962049733	-0.9427629749	-0.1460469577	0.9505809950
row-487	-0.2860978548	-0.4131120460	0.1315355534	-1.0127335468	0.0477714262	0.8401785544
row-488	0.5800959878	-0.2558643788	-0.6334278253	0.7799114115	0.5613458760	-0.9374610751
row-489	-0.0057704205	0.3268888394	1.1188969294	-0.5030044574	-0.2409261342	1.1345300322
row-490	-0.0557128651	-0.0080158095	0.8296205881	-0.7348746450	-0.0593926533	1.1199915936
row-491	0.0522651714	0.1691062739	-0.7085187044	0.6663495332	-0.0976305426	-0.9535539844
row-492	0.2623078503	0.2251407428	-0.3696717845	0.8776338418	0.0188776291	-0.8492941634
row-493	-0.1237472486	0.4520693103	1.1022994706	-0.5313822985	-0.4021771651	1.1264448669
row-494	-0.3577612579	-0.1559766471	-1.6878656009	-0.2518817530	-0.1302447668	-0.9467672826
row-495	0.2885515390	0.1284458179	-0.4997387908	0.8177252222	0.1003948108	-0.8960192030
row-496	-0.5474828127	0.0621348104	0.1905200100	-1.0173166718	-0.4320012122	0.8106041512
row-497	-1.0117002071	0.2987802202	-0.6691583397	-1.1948049716	-0.8597110363	0.2203790358
row-498	0.1538596994	-0.2369782542	-1.2489283554	0.2121229844	0.2641462985	-0.9559848617
row-499	0.5959635585	-1.3290184670	-0.9056378710	-1.0482421722	1.3272818881	0.2825607546
row-500	-0.2844249486	0.9006807217	0.3627243237	0.9647281816	-0.8078309524	-0.4260778963
row-501	0.5477130958	0.4585868926	0.5988790913	0.9909299761	0.0713109386	-0.2592664853
row-502	-0.9354450553	0.7163867888	-0.3711107193	0.7628145639	-1.1588097442	-0.8213302380
row-503	1.1538017912	-1.0676316562	0.0125765924	0.3768476709	1.4846862515	-0.2217189199
row-504	0.4669465637	-0.1332968833	-0.6523699224	0.7541538568	0.4005389133	-0.9405937266
row-505	-0.7850318684	0.4577602528	-0.7830288440	0.5539292788	-0.8930492546	-0.9866107504
row-506	-0.4688590962	-0.1006978475	-1.6699350546	-0.2319797409	-0.2546710344	-0.9760455386
row-507	-0.3579196526	1.0473150393	1.1865208043	-0.1168734993	-0.9477055730	0.8425364912
row-508	0.5267544854	-0.7504357476	-1.3704265394	0.1739215768	0.8804420664	-0.9385024716
row-509	-0.1631050074	-0.8533550564	-0.2803390900	-1.0805858974	0.4270254569	0.6580365201
row-510	-0.2557513428	1.0672927991	0.8142605430	0.7664038100	-0.8960009893	0.0003280077
row-511	-0.6715751796	0.7717732001	0.6834797175	-0.8315707164	-0.9693391450	0.9666659950
row-512	0.5782312558	0.5222313461	1.1346846025	0.6586341995	0.0418079715	0.3207618901
row-513	-0.0776143503	-0.3684106509	-1.8168587243	-0.3577638394	0.2417612923	-0.8691518568
row-514	0.5770604072	0.5340100009	1.0795404265	0.7251860388	0.0346515972	0.2376277377
row-515	0.2588736800	-0.9134006548	0.0342728282	-0.9617170330	0.7636643759	0.8189870226
row-516	-0.4781421603	0.5715524673	0.7966023223	-0.7805242576	-0.7159075562	1.0461627137
row-517	0.5210333025	0.4503681268	0.5089500804	1.0123137695	0.0588542379	-0.3333729040
row-518	0.0364829592	0.6687429741	1.3049441745	-0.1562029331	-0.4324305129	0.9944016342
row-519	-0.0590590856	0.4176166283	-0.3810533350	0.8419340236	-0.3394623816	-0.8528501691
row-520	-0.5501608279	-0.3432485384	-0.2414392005	-1.1120474492	-0.1716553140	0.6043474156
row-521	0.1299148149	0.5285652496	0.0167926435	0.9948154054	-0.2707824644	-0.6668743798
row-522	-1.3062794351	1.0919324695	0.2916324311	-0.1990465018	-1.6138207836	0.2796216018
row-523	0.8892094711	-0.5297816543	-0.2558842469	0.8661762749	0.9546061859	-0.7348422114
row-524	0.4605051994	0.6746190457	1.1121553324	0.7300064109	-0.1378779087	0.2510983762
row-525	-0.5795303017	0.0310173993	-1.4754021712	-0.0338826971	-0.4457205139	-1.0317892591
row-526	-0.0480564952	0.7832470057	0.3277564596	1.0113630385	-0.5622391554	-0.4721423438
row-527	1.1691602098	-1.0884421647	0.3913465578	-0.5720952841	1.5116736251	0.7116596612
row-528	-0.6311393420	0.6828523904	0.6614702410	-0.8484709029	-0.8859299140	0.9725348619
row-529	0.9632775475	-1.0233553996	0.3507532169	-0.7209679722	1.3274783846	0.8212230242
row-530	-0.4436994402	0.4813707289	-0.5534584071	0.7181582913	-0.6612021752	-0.9138191010
row-531	0.2638382498	-0.6828419539	0.4175824854	-0.8595254798	0.6067625507	0.9903971246
row-532	-0.9031239980	0.5281397706	-0.7073544120	0.5954334190	-1.0211582677	-0.9614520937
row-533	-0.3686387676	-0.5487584562	-0.1552693882	-1.0816194475	0.0817777018	0.6896181493
row-534	-0.3953202489	-0.9013149600	-0.6410839070	-1.1638217722	0.2992071011	0.4416342615
row-535	0.7054100154	-0.5698152773	-0.8087753602	0.6980579638	0.8575787374	-0.9838702995
row-536	0.4388869681	-0.9212914378	0.1652501390	-0.9018195265	0.8945747280	0.8639127296
row-537	-0.9160722252	0.9294969630	0.4011652362	-0.9367335230	-1.2215023378	0.7990022239
row-538	0.8422638673	0.0816452789	0.8415705970	0.7064906898	0.5127680661	0.0989385026
row-539	-0.9408333542	0.1955086305	-1.3541098588	0.0954751730	-0.8296326464	-1.0938743044
row-540	-0.9074158203	0.2195910150	-0.4720885217	-1.1627605161	-0.7502392030	0.3669495983
row-541	1.0656846146	-0.5519789407	0.4862245006	0.5039735086	1.0787788125	0.0023727930
row-542	-0.8510609029	1.1696711624	0.8335866741	-0.3650299642	-1.3558431293	0.7424901336
row-543	-0.4316707047	-0.1806365764	-1.8278342620	-0.3784131892	-0.1530816927	-0.9415296058
row-544	-0.3305368238	0.8277226668	0.1756101652	0.9641703449	-0.7946044004	-0.5537879709
row-545	-1.2864244862	0.7034689519	-0.5321804993	0.6707419265	-1.3947075486	-0.8776172496
row-546	1.1785421350	-0.9173375509	0.4430102111	0.0763861184	1.3961696818	0.2720412116
row-547	0.3332367852	-0.5147660701	-1.4018781999	0.0852661203	0.5918193952	-0.9147035871
row-548	-1.1316145594	0.9602757723	0.0363060252	0.6963007541	-1.4407185762	-0.4827501409
row-549	0.3056424865	0.3118911362	1.2784482597	-0.1788722467	-0.0162610070	1.0248660494
row-550	0.1821638661	0.2633490508	-0.4037864742	0.8545616862	-0.0642401701	-0.8624328950
row-551	0.6700384803	-0.6067328317	-0.9304526388	0.6103465566	0.8599392801	-0.9989285496
row-552	0.2316320009	0.3618004310	-0.1673072342	0.9522139146	-0.0906932996	-0.7612213618
row-553	0.1664337593	-1.2309852634	-0.7835100471	-1.0967270678	0.9432773137	0.4096099034
row-554	0.8206743524	-1.0502466741	0.1752148371	-0.8252032798	1.2511106289	0.7962852724
row-555	0.2971987218	0.1847838607	1.2174502499	-0.3008631801	0.0599823306	1.0792380548
row-556	0.9052026002	-1.3257953149	-1.1625398348	0.5185683219	1.5033329058	-1.0649312993
row-557	0.5258073120	-0.6414238081	0.6733687205	-0.7000769406	0.7607462275	1.0450727696
row-558	-0.0716627891	-0.0717287515	0.7578851701	-0.7751748858	-0.0291191618	1.1023548131
row-559	0.2176305656	-1.2501753529	-0.8160293790	-1.0918933741	0.9967006185	0.3900485849
row-560	-1.4106480620	0.7359242909	-0.5145877931	0.6761787298	-1.4983450832	-0.8641361178
row-561	-0.8115296927	0.7447124138	-0.2623566337	0.8137670042	-1.0883731065	-0.7743348846
row-562	-0.3998021315	0.3121700453	-0.8311874594	0.5426652655	-0.5208275474	-0.9915435947
row-563	-0.2313717091	0.2835402975	-0.7620697295	0.6038586029	-0.3794747403	-0.9716905210
row-564	1.2110892370	-1.0735981167	0.4400222662	-0.4079490529	1.5272584884	0.6177108495
row-565	-0.4934141245	0.7460252691	0.9219713109	-0.6846990884	-0.8387783072	1.0555317863
row-566	0.8401195316	-0.5016881821	-0.3683192411	0.8693573880	0.9030997482	-0.8121105456
row-567	0.6241564519	0.1347684662	1.2478254534	0.0801105511	0.3194568270	0.8251465683
row-568	0.6310815857	-0.3666911977	1.0032189824	-0.4119403816	0.6506898393	1.0419222797
row-569	-0.7708584543	0.6507443026	-0.4193749934	0.7578571912	-1.0021228332	-0.8523436632
row-570	-0.4601536715	0.5956214777	0.8421260702	-0.7517395972	-0.7197195750	1.0586484819
row-571	0.6169241352	-0.8237085517	-1.2851375708	0.2927062024	0.9836687954	-0.9736696322
row-572	-0.6577935554	-0.7276427491	-0.8490680308	-1.2184845639	0.0074742038	0.2652434556
row-573	-0.3547017486	-0.0380843806	0.4228626976	-0.9383223003	-0.2421101152	0.9525558192
row-574	-0.2959362654	-0.1379001901	-1.5846151716	-0.1519637914	-0.1069663216	-0.9533087010
row-575	0.8326433144	-0.3816943510	-0.2085330464	0.9024539882	0.8189923224	-0.7293382396
row-576	0.5784177683	-1.2892346335	-0.7531878253	-1.0353508020	1.2774604434	0.3658025652
row-577	-1.4264746666	0.7112515074	-0.5661354820	0.6526816177	-1.4944155833	-0.8876337547
row-578	0.5956808126	0.4648812164	1.1959696500	0.5455456495	0.0893586470	0.4427416240
row-579	-0.5039799968	1.0632721095	0.5831360041	0.7810534132	-1.0686190197	-0.1675027699
row-580	-0.7762753782	0.8814742678	0.0198144103	0.8659196171	-1.1470643470	-0.6063542133
row-581	-0.4509916627	-0.8580900942	-0.6634520842	-1.1732213890	0.2318884399	0.4179716939
row-582	-0.8209922075	0.0758714868	-0.4008999225	-1.1502785979	-0.6081434871	0.4362847769
row-583	0.9772170163	-1.0714812669	-0.6811315158	0.7171659542	1.3741431011	-0.9080126673
row-584	-0.8795424492	0.7872444311	0.2791634286	-0.9889979216	-1.1043828506	0.7568226663
row-585	0.5231630445	0.0862001741	1.2367769651	-0.1217315586	0.2805734589	0.9689790923
row-586	-0.1314980868	0.3405519275	-0.5813772150	0.7292078295	-0.3435840155	-0.9228914265
row-587	-0.2869330892	-0.2016721449	-1.7145626263	-0.2772821762	-0.0420827559	-0.9258857473
row-588	-0.9210692154	-0.5628831429	-1.1711118300	-1.2799382514	-0.2677080184	0.0031900299
row-589	0.3174093568	-0.6685926467	-1.6652114213	-0.1724202752	0.7116980975	-0.8539169200
row-590	-0.7276393573	-0.0063516147	-1.6574392685	-0.2071807136	-0.5174428807	-1.0393069676
row-591	-0.6210440065	0.3665738457	0.3577431926	-0.9717316998	-0.6746261142	0.8641579115
row-592	-0.1185854506	0.6204780149	-0.0599026944	0.9536767551	-0.5104020594	-0.7033217997
row-593	-1.3892259424	0.7174621739	-1.2700665789	-1.2770921927	-1.3317031737	-0.2805641925
row-594	0.3933989877	0.4732388899	0.2901846027	1.0366354187	-0.0450730071	-0.4986002078
row-595	-0.9272564622	0.8331240429	0.2280995061	-1.0017270284	-1.1623066848	0.7198586226
row-596	-1.1663861726	1.0354797425	0.2098116051	0.4233320483	-1.5044090577	-0.1840403022
row-597	0.9708941538	-0.9822363318	-0.5955328016	0.7441499212	1.3099015132	-0.8716037895
row-598	0.1734964668	0.1662183080	1.1428318062	-0.4421670977	-0.0137263771	1.1276109519
row-599	0.0259170327	0.4799647700	1.2251543577	-0.3540487984	-0.3177563619	1.0927393143
row-600	0.1343533135	0.0715873503	-0.7832978359	0.6226683202	0.0269037645	-0.9658159322
row-601	0.3868536257	-0.6961049040	-1.5653289233	-0.0628504422	0.7671459982	-0.8766263709
row-602	0.7449433066	0.2754326211	0.9664788285	0.7133885554	0.3192022085	0.1757454393
row-603	0.9492436601	-0.9128804450	-0.5826791894	0.7640484121	1.2491653212	-0.8773059791
row-604	0.0514882023	0.4803084404	-0.1599993637	0.9401288262	-0.2977437449	-0.7570505141
row-605	0.9615083074	-0.3938885247	0.9588108500	0.0608759490	0.8971852755	0.6432915888
row-606	-1.1379490713	-0.1090764081	-1.3170643821	-1.2983053549	-0.6797705886	-0.1830157979
row-607	-1.2094387796	0.7309375283	-0.7426289058	-1.2001972810	-1.2438070446	0.1039581441
row-608	0.0695374359	-0.4793665783	-1.8090718283	-0.3362756306	0.4245395010	-0.8489394709
row-609	0.9905578485	-1.2847811442	-0.8741671662	0.6460806839	1.5277935053	-0.9815007893
row-610	1.0167806062	-0.4164013976	0.4835695471	0.6271900372	0.9581552043	-0.0842608540
row-611	-0.4205080244	0.3633211668	-0.7526328742	0.5966710261	-0.5692513993	-0.9740981936
row-612	0.9700930503	-0.2605366173	0.5888072015	0.6685070848	0.8242663393	-0.0426185832
row-613	0.7063695847	-0.8702282910	0.4581492604	-0.7523208538	1.0429182103	0.9376163821
row-614	0.5198107272	-0.8175556582	-1.4645652487	0.0787114567	0.9287705005	-0.9156347049
row-615	-1.1477746890	0.8397520414	-0.3876232039	-1.1397732023	-1.2845896321	0.3312592690
row-616	-1.0634529842	1.1207529829	0.4572798056	-0.8474497923	-1.4438670766	0.7687202897
row-617	-1.2049181576	0.7403421257	-0.4332695996	0.7165072935	-1.3608391034	-0.8347009475
row-618	0.5949217026	-0.3482195870	-0.7382066211	0.7218854017	0.6334611184	-0.9635869862
row-619	-1.1943059097	0.7620559723	-0.3882941434	0.7331131031	-1.3665104929	-0.8121102109
row-620	-0.6438510773	0.7602400986	0.7179615242	-0.8145173981	-0.9444266396	0.9833909442
row-621	0.6588630583	-0.6683417078	0.7218460295	-0.6324851984	0.8710159998	1.0239049211
row-622	-0.6028981497	0.2569131842	-1.0575458883	0.3561412106	-0.6306653728	-1.0385417420
row-623	0.1161673754	0.9538938073	1.0707401888	0.7293745752	-0.5605813274	0.2078632157
row-624	0.6029701409	0.1798544662	0.1453993901	1.0081854926	0.2934545955	-0.5704155437
row-625	-0.1051143124	-0.2899286539	0.5099161754	-0.8836006687	0.0898903746	1.0210905375
row-626	0.9051932247	-0.2921366685	0.1903826097	0.8642900402	0.8072240645	-0.4391462492
row-627	-0.6601179856	-0.8041186435	-0.9203805792	-1.2295836212	0.0550314344	0.2305680159
row-628	-0.3737317051	-0.5229971258	-0.1326833211	-1.0777460609	0.0613854795	0.6996067812
row-629	1.1599840326	-0.8656874449	0.4169020633	0.1988666744	1.3492883832	0.1684470179
row-630	-1.2726017653	0.9196661853	-0.1015330829	0.6867716553	-1.5120410398	-0.5699282207
row-631	0.3075012880	0.0907009459	-0.5368718136	0.8000416403	0.1387195793	-0.9077563223
row-632	-0.4788859657	0.4305555083	-0.6674352472	0.6480441693	-0.6547610943	-0.9511048469
row-633	0.4294178848	-0.2059102650	1.0373437317	-0.4717848495	0.4053324174	1.1052055573
row-634	0.6509423542	0.2052024008	1.2443139516	0.2203155307	0.2929584121	0.7172816276
row-635	-0.1863901359	-1.1306217441	-0.7563836273	-1.1493450369	0.6092132887	0.4224606172
row-636	-0.1426898355	-0.2322549686	-1.6074456576	-0.1732675369	0.0752236916	-0.9170852244
row-637	-0.8007110035	0.1878130909	-1.2981320354	0.1437461862	-0.7240065084	-1.0751163727
row-638	-0.3206873663	0.3105193742	0.7896062551	-0.7828803552	-0.4441154541	1.0782265581
row-639	0.6587740147	-0.5026709365	-0.8207733250	0.6818769873	0.7811179949	-0.9829728195
row-640	0.7393636045	0.2602311446	0.7807218585	0.8459827414	0.3290852930	-0.0384362239
row-641	-0.8919202985	0.7413924985	-0.3050766254	0.7908422281	-1.1432724721	-0.7909783349
row-642	0.4263179961	-0.0125951593	1.1628768442	-0.3248182370	0.2773740146	1.0727500949
row-643	0.3658404097	-0.4852479703	-1.3086452240	0.1876470401	0.5870211331	-0.9375285736
row-644	1.1794788624	-1.5122391089	-0.4394183971	0.2300196017	1.8117359276	-0.4082658343
row-645	1.2242224764	-1.2800791803	-0.0107368913	0.0759046078	1.6785017067	-0.0269388307
row-646	-0.8102282513	0.2425794637	-1.1975239734	0.2338899283	-0.7696907568	-1.0696268217
row-647	-0.2737835827	-0.0371247318	0.5423448974	-0.8901902595	-0.1887790346	1.0116884203
row-648	0.4515005742	0.2699042588	0.0012519064	1.0027700738	0.1277638218	-0.6692115820
row-649	-0.9575894172	0.2053100511	-1.3427339329	0.1062467619	-0.8486211129	-1.0951619730
row-650	-0.6511190133	0.5844604362	0.5248471168	-0.9112650314	-0.8344136622	0.9222159380
row-651	0.7895428602	-0.3569625834	-0.2966534293	0.9010893360	0.7734044818	-0.7879012623
row-652	-0.2297362028	0.2777873832	-0.7709677236	0.5977171628	-0.3744931213	-0.9735502326
row-653	-1.4467145095	0.7073512493	-0.5801892354	0.6460803973	-1.5057473115	-0.8934161780
row-654	0.8329973679	-0.9235176165	-0.9337499551	0.6457509664	1.1809394585	-1.0184782597
row-655	0.2001357040	0.7303607158	0.5222329757	1.0228881948	-0.3502000339	-0.3414282216
row-656	-0.1171091977	-0.1101202915	0.6724275624	-0.8210617912	-0.0353589549	1.0746635261
row-657	-0.1630059934	-0.0014410085	0.7174594120	-0.8059499378	-0.1369769997	1.0829119357
row-658	-1.5949273949	0.9552786739	-0.1105516790	-0.0607705785	-1.7218893464	-0.0661772877
row-659	-0.7770916619	-0.7471955021	-1.0503016056	-1.2571251220	-0.0594050520	0.1259969636
row-660	0.3103902937	0.8050843486	1.2103633629	0.6083192689	-0.3291990535	0.3930931237
row-661	0.1801605606	0.8673366459	0.8485045679	0.9165816142	-0.4561922773	-0.0589259536
row-662	0.2586622747	-0.5290851674	-1.5488253865	-0.0770062495	0.5634668969	-0.8793060104
row-663	-1.2173476049	0.4937906254	-0.8988501808	0.4576679385	-1.2206046143	-1.0185147491
row-664	0.3139585653	-0.5500448284	-1.4851489277	-0.0030072529	0.6099708709	-0.8937681444
row-665	0.0867398655	0.7922490257	1.3355111868	0.0841921262	-0.4779974207	0.8389381880
row-666	-1.0451794848	0.6837939002	-0.4777378128	0.7092455775	-1.2161175024	-0.8653327071
row-667	0.1421247587	-0.8422549367	0.0584825890	-0.9744153682	0.6319327689	0.8359355270
row-668	0.2954507128	-0.7838558685	0.2925967541	-0.8922646267	0.6981243686	0.9359391652
row-669	1.0077388229	-0.7342998562	0.7796805110	-0.3348692786	1.1547598323	0.8150009123
row-670	-1.1645913601	0.7217083686	-0.4532273865	0.7114074599	-1.3218987774	-0.8470897348
row-671	-1.2478628332	0.9387042913	-0.0509370586	0.6648970010	-1.5061817175	-0.5204647868
row-672	0.9975141165	-1.0337161040	-0.5652339836	0.7240031603	1.3619270825	-0.8378123441
row-673	0.7899931073	-0.8226912841	-0.9241034592	0.6436924581	1.0847677838	-1.0124085542
row-674	-0.8447799128	0.6077456125	-0.5337069899	0.6970150442	-1.0285527031	-0.8980708151
row-675	0.2570101259	0.3674149749	-0.1234922120	0.9673375019	-0.0756989967	-0.7397607858
row-676	0.2771132648	0.4096783509	-0.0177106022	0.9959487363	-0.0879224446	-0.6850312477
row-677	0.8523978356	-0.2039067769	0.1549925388	0.9109648532	0.7146307631	-0.4942445472
row-678	0.9509916536	-1.1314342019	-0.8350989394	0.6837784935	1.3977006545	-0.9829716966
row-679	0.4875799308	-0.7190214624	-1.4045504257	0.1260365275	0.8357517086	-0.9247002074
row-680	0.6371997473	0.4250814739	1.1454002358	0.5985283174	0.1448150630	0.3726954567
row-681	-0.0384759583	-0.0311865008	0.8274840307	-0.7336748627	-0.0325701525	1.1206571087
row-682	-0.3698040670	-0.4566221769	-0.0485955222	-1.0605375413	0.0203425413	0.7409094485
row-683	-0.2283503569	-0.5759066486	0.0200960793	-1.0318395659	0.1944468805	0.7972383807
row-684	0.0314535933	0.2634918443	1.1071531070	-0.5103897357	-0.1745147625	1.1383656876
row-685	-0.6725084996	0.7461789990	0.6551032959	-0.8477310226	-0.9531481334	0.9588192322
row-686	0.9300107235	-0.2952312724	0.2868592899	0.8248813176	0.8247421409	-0.3488650955
row-687	0.3804952587	0.1180791533	-0.3847454830	0.8813027741	0.1738448184	-0.8545683470
row-688	1.0005864994	-1.1274070476	-0.6656327495	0.6984590638	1.4271979824	-0.8848945663
row-689	0.6777740797	-0.3638681949	-0.5879758484	0.8120509703	0.7007519792	-0.9237636533
row-690	-0.4454517974	0.0536283095	0.3664653825	-0.9623495031	-0.3609198662	0.9111111372
row-691	0.8122574012	0.0890538988	1.0760941699	0.4546203930	0.4821860310	0.4342339136
row-692	-0.3371463345	0.3329770654	-0.7514156248	0.6033620462	-0.4888789941	-0.9719824214
row-693	-0.7216100385	-0.1208892329	-0.3674752411	-1.1427032422	-0.4224807077	0.4883740899
row-694	-0.4617235251	0.1428340992	-1.1793942811	0.2515659884	-0.4486345899	-1.0330356422
row-695	-0.1210205109	0.1765566329	-0.8588315426	0.5411231277	-0.2278746487	-0.9849774162
row-696	0.9920023724	-0.3088169440	0.8382409829	0.3807275235	0.8651544006	0.3265455276
row-697	-0.9243487946	0.2092542714	-1.3189545548	0.1270675985	-0.8277481598	-1.0900964846
row-698	-0.7072315378	1.1411699227	0.6948134394	0.4331973105	-1.2571678649	0.1298154981
row-699	1.0306319784	-0.6592404930	0.8227335071	-0.1770316165	1.1199057574	0.7241043786
row-700	0.8926730010	-0.2775651978	1.0413675870	0.0615737155	0.7734312397	0.7011543379
row-701	0.5820554720	-0.4183101388	0.9406781053	-0.4993696264	0.6507784350	1.0677242115
row-702	0.3641036822	0.7584307894	0.9706371085	0.8604183682	-0.2570725006	0.0653724983
row-703	-1.3882897513	0.7051051344	-1.2799862562	-1.2787515285	-1.3235128440	-0.2862881215
row-704	0.3753316244	0.7269198503	1.2468339916	0.5467778380	-0.2338289457	0.4644449527
row-705	0.8035439790	-0.4112511043	-0.3401192974	0.8873192780	0.8186563611	-0.8068406075
row-706	0.2676895493	0.2219763994	-0.3680279506	0.8788412171	0.0248390957	-0.8486360899
row-707	1.2062007567	-1.0076674683	0.4585528244	-0.1528370393	1.4765096799	0.4450218937
row-708	-1.1257518572	0.7391986094	-0.4758210149	-1.1574340982	-1.2057739702	0.2868222153
row-709	-0.3576919699	-1.0791533381	-0.8062869850	-1.1814397332	0.4480040949	0.3772907967
row-710	1.1692290372	-0.9030285422	0.3914835364	0.1749613464	1.3807524949	0.1681392640
row-711	-0.8004823722	0.3682103854	-0.0374418315	-1.0775374368	-0.7841136918	0.6283285343
row-712	-0.0379036756	0.2692658296	-0.6241483183	0.7121117261	-0.2290573780	-0.9343803917
row-713	-0.6659353126	0.4196428571	0.3225840378	-0.9830875499	-0.7367088480	0.8369334816
row-714	-0.3054271590	-0.2471438131	-1.8506734189	-0.3966472131	-0.0082489051	-0.9097671716
row-715	1.2313990626	-1.4763020475	-0.2484428936	0.0305117437	1.8230963058	-0.1467346589
row-716	-0.7519111607	0.8242765388	0.5978752457	-0.8680103705	-1.0534671550	0.9181590278
row-717	-0.5263803669	0.0611543035	0.2295732847	-1.0060048935	-0.4179356590	0.8334160946
row-718	0.2174146694	0.5278293066	1.3254768843	-0.0729001789	-0.2167168590	0.9648734846
row-719	0.1010562907	-0.0033566903	-0.9424444570	0.4938085377	0.0551594633	-0.9825831803
row-720	-0.8132844889	0.6680002775	0.2808236609	-0.9928722850	-0.9869799128	0.7765266769
row-721	0.7166511423	-0.2550727059	-0.3313645251	0.9059836432	0.6562479648	-0.8169139272
row-722	0.2618739543	-0.1708848226	-1.0099906290	0.4560389084	0.2853878758	-0.9781793270
row-723	-0.9159316186	-0.3792131355	-1.0463268276	-1.2576110612	-0.3775933978	0.0625620944
row-724	-0.8279646131	-0.7195250333	-1.0944279975	-1.2677425019	-0.1111151214	0.0877522228
row-725	-0.0883700749	0.5142009727	-0.2316234662	0.9018702736	-0.4217159286	-0.7886868454
row-726	-0.9307663510	-0.4919466187	-1.1542587836	-1.2758364317	-0.3171312913	0.0034571991
row-727	0.4431955311	-0.0264762044	1.1612317148	-0.3184302260	0.2981023597	1.0677513840
row-728	-1.3247386393	0.8715732562	-0.8912327568	-1.2196004544	-1.3958077831	-0.0221765898
row-729	0.7630796193	0.2417822993	0.9172145425	0.7381399211	0.3543293245	0.1261993559
row-730	0.1233368959	0.2802133200	1.1789165910	-0.4087506575	-0.1219355066	1.1185551238
row-731	0.5053311197	0.6246654353	1.0906349235	0.7417493336	-0.0739040801	0.2306898949
row-732	0.6023042905	-1.3092280491	-0.8178721292	-1.0389688322	1.3119684198	0.3268011781
row-733	0.0769044168	-0.3673421567	0.6266362524	-0.8132823504	0.2661205256	1.0710200971
row-734	-0.3217009957	1.0915437631	1.1737156323	0.0909837362	-0.9537946697	0.6907471183
row-735	-0.3107883985	-0.2214794839	-1.7909957098	-0.3461929820	-0.0373860860	-0.9187113267
row-736	0.5699723133	-0.3259986249	-0.7543603583	0.7076526301	0.6014533730	-0.9658423554
row-737	0.2958275080	-1.2226037498	-0.6886916807	-1.0684036338	1.0252982787	0.4424574590
row-738	-1.3569173307	0.8305937837	-1.0485196783	-1.2432491230	-1.3856837251	-0.1307870621
row-739	-1.0651141294	1.0372177496	0.2450083193	-0.9734466993	-1.3809937947	0.6913533075
row-740	-0.3916200906	-1.0206522508	-0.7824355635	-1.1826967990	0.3832466791	0.3758548508
row-741	-0.0640014800	0.0809378384	0.8940758757	-0.6973704431	-0.1225067481	1.1308754888
row-742	-0.7772484564	0.7315525335	0.4373955571	-0.9394210888	-1.0074908575	0.8535486532
row-743	-0.3309097345	-0.1644806209	-1.6787462639	-0.2435077920	-0.1050558003	-0.9423478959
row-744	0.7847629905	0.0926916204	1.1322231856	0.3654870025	0.4597291614	0.5368240928
row-745	0.5606896928	0.2228477525	0.1307578737	1.0133663041	0.2358637295	-0.5849241812
row-746	-0.6936711137	-0.5126060792	-0.7048326916	-1.1983276834	-0.1539551354	0.3254778697
row-747	0.6879118726	-0.8921665932	0.4064871618	-0.7775461970	1.0457417322	0.9232897139
row-748	-0.4343273463	0.7123021994	-0.1197281773	0.9015657184	-0.7976262566	-0.7221495218
row-749	-0.3675466466	-0.0661318501	-1.5055522819	-0.0710951790	-0.2176071924	-0.9840785503
row-750	0.5285433054	0.0778021044	-0.1977437131	0.9544547258	0.3067699102	-0.7685614784
row-751	-0.8854689177	0.8739834028	0.3871409576	-0.9478518464	-1.1660713736	0.8021026343
row-752	0.6043797965	-0.5788010284	0.7949537465	-0.6041983593	0.7730177150	1.0518195247
row-753	0.1769875509	0.9020044906	1.2257150436	0.5445597221	-0.4858013671	0.4400781403
row-754	0.9375284260	-0.9118350753	-0.6199829495	0.7617057311	1.2407597630	-0.8999491614
row-755	0.6238377458	-1.0146763915	0.1075299538	-0.8833788422	1.0902090726	0.8080708257
row-756	-0.5287099180	0.8088985162	0.0086072247	0.9150811636	-0.9256327319	-0.6425941763
row-757	-0.6157289290	0.2238417310	0.2214633599	-1.0115819797	-0.5791950928	0.8062619572
row-758	0.4777624615	0.6534063615	1.1284402430	0.7076857912	-0.1124692984	0.2780767704
row-759	0.3110587035	-0.0010644417	-0.6814748884	0.7148014529	0.2018781298	-0.9457475506
row-760	-0.0204718691	-0.8035887557	-0.0416023166	-1.0184764960	0.4917407739	0.7861460565
row-761	-0.6360641314	0.7045309828	-0.2510435838	0.8375688926	-0.9384565908	-0.7792875847
row-762	1.1751594624	-1.0105983584	0.2016486959	0.2508231642	1.4588813040	-0.0106612067
row-763	0.7381850073	-1.3198433201	-0.7719543619	-1.0155764204	1.4127368475	0.3243392333
row-764	0.8345665902	-0.8333422281	0.5999129365	-0.6403894916	1.1048396646	0.9393150168
row-765	-0.8080164765	0.0733948837	-1.5331995131	-0.0802989206	-0.6417024967	-1.0702555341
row-766	0.0166826234	0.3547182606	-0.4220858370	0.8296246323	-0.2439578071	-0.8689621331
row-767	-1.1876120191	1.0037361943	-0.1836233946	-1.0922202317	-1.4200849045	0.4399574261
row-768	0.6956853950	0.0179121954	0.0766328094	0.9826352735	0.4634582101	-0.5969051267
row-769	1.0686057016	-0.6742019309	0.2358438939	0.5955068196	1.1644120349	-0.2265044305
row-770	0.6376497621	-0.3188252209	1.0406201896	-0.3635414237	0.6237635844	1.0294238872
row-771	0.1957275815	-0.5601158688	-1.7228646038	-0.2471622008	0.5596016302	-0.8480234342
row-772	-0.3484234336	-0.4646182226	-0.0236818717	-1.0533907249	0.0398538194	0.7569233219
row-773	-0.5545609922	-0.5221968123	-0.4457561247	-1.1484326404	-0.0582566842	0.5008225684
row-774	1.0235758530	-0.8352626601	-0.2104834592	0.7280577211	1.2453533082	-0.6095879704
row-775	-0.7281218150	0.9939243287	0.8270106311	-0.6951899338	-1.1521538172	0.9608988477
row-776	-0.1104161232	1.0639045973	1.1107941313	0.5349193693	-0.7918970935	0.3547049983
row-777	-0.7895946042	0.0423015543	-1.5889392051	-0.1361027799	-0.6029796368	-1.0613758523
row-778	-1.1040397655	1.0852903307	0.3615097422	0.2683026839	-1.4895135806	0.0183857915
row-779	-0.6612008121	0.7800864782	0.7094994686	-0.8172237189	-0.9683081816	0.9761318999
row-780	-0.3059212187	0.4090213331	0.8878197632	-0.7224263314	-0.4975758498	1.0990499349
row-781	0.5768546660	0.4934164224	0.7938609897	0.9212865880	0.0663458778	-0.0840769895
row-782	-1.2657182272	0.9326451179	-0.0702724253	0.6657497934	-1.5146559969	-0.5341468288
row-783	-0.3949112040	0.6327360077	-0.2441305787	0.8661533927	-0.7197606273	-0.7865723336
row-784	-0.8474493596	-0.6907133944	-1.1114905037	-1.2706612187	-0.1416414543	0.0699204121
row-785	0.8214836843	-0.2007334457	1.1024321563	0.0161189924	0.6739205229	0.7782555699
row-786	-0.6854159685	0.4563750533	-0.7358473380	0.5906065209	-0.8206006239	-0.9724282407
row-787	0.4714807243	0.3758687302	1.3140211838	0.1236992860	0.0576965234	0.8282336052
row-788	0.4797622603	-0.1909989301	-0.7182377822	0.7156537084	0.4481844948	-0.9556666362
row-789	-1.0690655830	1.0557014334	0.2782994289	-0.9574131498	-1.3968570235	0.7051036120
row-790	-0.5107392976	-0.2602951458	-0.0766428995	-1.0771636363	-0.2000900331	0.6953448415
row-791	0.6707917568	-0.3162170184	-0.5336909802	0.8359287795	0.6644020458	-0.9050952489
row-792	0.2945714003	0.7678823567	0.7920989214	0.9552170143	-0.3096900894	-0.1167947658
row-793	0.0947821273	-1.2075647584	-0.7557689353	-1.1050630603	0.8722807322	0.4272287958
row-794	0.0702176377	0.9758604258	1.1853841402	0.5552667930	-0.6083157458	0.3996754729
row-795	1.2056279954	-1.0051944504	0.4567523462	-0.1414450678	1.4743973144	0.4356458951
row-796	0.4331830451	-0.3061278568	-0.9599067860	0.5301331322	0.4960596615	-0.9808446310
row-797	0.0887337120	-0.6937074203	0.2381851350	-0.9396068718	0.4923099073	0.9195285252
row-798	0.9280088258	-1.1358284656	0.0399795974	-0.8403149293	1.3886641130	0.7073088370
row-799	0.1515012670	0.9328869622	1.1556330163	0.6422368462	-0.5229787273	0.3246680865
row-800	0.8732223730	-0.2080777428	0.2234401007	0.8901042009	0.7307773526	-0.4348542570
row-801	0.6542029325	0.3767212112	1.1719966067	0.5313780710	0.1869665607	0.4391929172
row-802	0.0486632280	0.2551462794	-0.5647756553	0.7563943764	-0.1566482427	-0.9167879088
row-803	-0.4093942692	0.9921120978	0.4724057183	0.8958994713	-0.9559753972	-0.3122627105
row-804	-0.5788171730	0.8492415884	0.8969864508	-0.6871031196	-0.9613672343	1.0252650721
row-805	-0.5554252503	0.1960857332	0.3113473516	-0.9842509123	-0.5234130687	0.8616649666
row-806	0.4512759466	-1.3029592210	-0.8832396680	-1.0651137809	1.2059897562	0.3227313449
row-807	-1.2563271341	0.8911203434	-0.1574778139	0.7304688448	-1.4849783734	-0.6391526613
row-808	0.8646650211	-0.2274111450	1.0712475384	0.0691632884	0.7213369100	0.7163590468
row-809	1.0345039277	-0.4417123148	0.5529032161	0.5485069731	0.9851604778	0.0161230761
row-810	-0.5387126197	0.1110570995	0.2570292382	-0.9990848621	-0.4579797156	0.8423905720
row-811	0.1178829290	-0.4114554572	0.6190933264	-0.8098187906	0.3236086687	1.0687649625
row-812	0.1503529896	-0.4863132593	0.5659347095	-0.8258233553	0.3957380790	1.0505761761
row-813	0.9804370805	-0.9255771279	0.5436355980	-0.6057169602	1.2685379972	0.8620940380
row-814	-0.5199784559	-0.0454279207	-1.5909541031	-0.1521842152	-0.3392485996	-1.0018588859
row-815	-0.5397689143	1.0987627742	0.6595887191	0.6844914892	-1.1161323869	-0.0553583177
row-816	1.2023801208	-1.0167637062	0.3499920507	0.0371478123	1.4803589951	0.2368984412
row-817	-1.0215955772	0.3181118335	-1.1527029806	0.2709474887	-0.9716453942	-1.0780461328
row-818	-0.6961114263	-0.6830928617	-0.8743163820	-1.2246093931	-0.0462785987	0.2390704956
row-819	0.4020263828	-0.3599928708	-1.0826153908	0.4162421194	0.5146322665	-0.9752213804
row-820	0.7536347431	-0.3934527679	1.0162764652	-0.3035438377	0.7530444419	0.9657516399
row-821	0.5517023693	-0.1710713759	-0.5598278310	0.8149920728	0.4852662850	-0.9153758370
row-822	0.2202353799	-1.0640662929	-0.3155403206	-1.0309940018	0.8467269067	0.6443828664
row-823	0.8969946664	-0.0908676654	0.5922322255	0.7790329419	0.6657220091	-0.1160510248
row-824	-0.0997517499	0.2880248634	-0.6468058762	0.6920702379	-0.2864288087	-0.9412252689
row-825	0.1341398589	0.8532092831	1.3171850313	0.2844087861	-0.4847567946	0.6835315201
row-826	-0.5711224581	1.0261681469	0.4449203643	0.8285960447	-1.0924241067	-0.2908102394
row-827	0.9677030501	-0.6416624751	-0.1467176334	0.8075249976	1.0801884864	-0.6223419252
row-828	0.3103602496	-0.1598774169	-0.9283449619	0.5335987455	0.3103181807	-0.9775847589
row-829	0.3499620894	0.1006269341	-0.4599660434	0.8440635065	0.1629959841	-0.8825155971
row-830	0.6126475399	-0.8671499691	0.3975688095	-0.7982854254	0.9762834555	0.9361670605
row-831	-0.9029255216	0.1440012327	-0.5382601230	-1.1743881641	-0.6994297020	0.3336820106
row-832	-0.1143659183	1.0656223815	1.1010274297	0.5465167965	-0.7957821016	0.3401938364
row-833	-1.3557191464	0.7279610337	-0.5106635043	0.6784101359	-1.4564611356	-0.8643817299
row-834	-0.1759962699	-0.0477793656	0.6599608616	-0.8333349408	-0.1158541207	1.0645291374
row-835	-0.1703335011	-0.1760058836	0.5449264484	-0.8786637408	-0.0288747618	1.0269244475
row-836	-0.5984529586	0.6449428438	0.6789424032	-0.8416344446	-0.8406647518	0.9865085614
row-837	0.2107401145	-1.2176325450	-0.7217270418	-1.0843680420	0.9619505809	0.4346199104
row-838	0.6821765670	-0.2000330880	-0.3284010569	0.9102089295	0.5961832449	-0.8192939941
row-839	0.2418558307	-0.7275699166	0.3333088159	-0.8894334907	0.6220150291	0.9569781896
row-840	-0.7618743021	1.1760848571	0.8835851637	-0.1329809536	-1.3057919905	0.6277094214
row-841	0.4716457022	-0.3807859364	0.9171062613	-0.5617004820	0.5493805022	1.0980159447
row-842	1.0695280792	-0.5662343821	0.4774369021	0.4979351815	1.0907764933	0.0006844192
row-843	0.9658321798	-0.9741034818	0.4504681896	-0.6702192231	1.2933726834	0.8495997475
row-844	0.3877725110	0.5442468273	0.4288817959	1.0344090761	-0.0954752504	-0.4047329262
row-845	-0.6510425578	0.7074730506	0.6522601498	-0.8515877441	-0.9144546512	0.9642510040
row-846	-0.0070270054	0.3787716102	1.1491311675	-0.4678243494	-0.2751864235	1.1266164273
row-847	0.7452835256	-0.2881834680	-0.3099034559	0.9075974579	0.6978101096	-0.8026267557
row-848	-0.6635487379	-0.8658638532	-0.9637922705	-1.2374195134	0.0918348941	0.2126691589
row-849	0.9428631724	-1.2004656103	-0.1481719426	-0.8837799381	1.4497722305	0.6132851265
row-850	1.0303882953	-1.2389948391	-0.1962994643	-0.8773044238	1.5396156970	0.5663033878
row-851	-0.0665662234	-0.3869617384	0.4516244078	-0.8986121849	0.1799855053	1.0022989432
row-852	-0.8291249605	1.0227839629	0.3004658283	0.7457077236	-1.2709478243	-0.3366997144
row-853	0.4881941152	0.3174652454	0.1605161996	1.0233766873	0.1232624097	-0.5738782902
row-854	0.2109000869	-0.0814203544	-0.9380865516	0.5107685220	0.1867202437	-0.9789294604
row-855	-0.4103955146	0.9038595198	0.2759411891	0.9441966549	-0.9002529521	-0.4746974253
row-856	-0.6399619367	0.2580646563	-1.0766961937	0.3392389846	-0.6581468543	-1.0434379064
row-857	-0.2927281378	0.7077889692	1.1101678008	-0.5091639393	-0.6812278170	1.0857885295
row-858	0.9966907564	-0.9750258857	-0.4956910796	0.7377307007	1.3219006757	-0.8022183483
row-859	1.0095458807	-0.8400828810	-0.2714490370	0.7468513208	1.2396496742	-0.6623369539
row-860	1.1361454535	-0.7624868888	0.5313276926	0.2011732797	1.2632838724	0.2440728555
row-861	0.3649023102	-1.1450586418	-0.4173916428	-1.0241997343	1.0100539299	0.5777069126
row-862	-0.8527282333	0.9441627366	0.5564492523	-0.8704177088	-1.1945040830	0.8735082699
row-863	0.9920336726	-1.0674075290	-0.6251749241	0.7172061098	1.3810672997	-0.8718920888
row-864	-0.4138775521	0.2187325439	0.5762819446	-0.8875014865	-0.4467084096	0.9979078311
row-865	-0.7515159189	0.3394612218	0.0479633467	-1.0577504651	-0.7366052711	0.6856167217
row-866	0.9034774437	-0.4042922958	-0.0102439122	0.8739544218	0.8808483511	-0.5780168977
row-867	-0.4530462450	0.8112688656	0.0595953111	0.9340721471	-0.8726485279	-0.6176039995
row-868	0.0538264499	0.5896222018	0.0479021586	0.9952147609	-0.3649751266	-0.6487867083
row-869	1.2413202382	-1.5397780910	-0.3046895219	-0.0264597652	1.8764349513	-0.1421922946
row-870	0.2363333469	0.5924410346	1.3421421619	0.0308162076	-0.2453510028	0.8984123568
row-871	0.9030964274	-0.0686961116	0.7191525959	0.7056034760	0.6531160664	0.0184890785
row-872	-0.5669464664	1.0833713502	1.0608176913	-0.3335065702	-1.1099924236	0.8910919257
row-873	0.2289400313	0.1036054414	-0.6185764501	0.7439563574	0.0734803559	-0.9308216074
row-874	-0.6069827087	-0.6933077842	-0.7267236520	-1.1965554799	0.0187608506	0.3430262192
row-875	1.0758728654	-0.5586358110	0.6967263150	0.2640751508	1.0863442306	0.3125542833
row-876	0.3419855308	-0.4633785833	0.7511356361	-0.7043647335	0.5138221213	1.0934483827
row-877	-0.4492779655	0.0973138756	-1.2551735025	0.1803166556	-0.4059941765	-1.0297961441
row-878	-0.7346115339	0.5429224846	0.3109880943	-0.9860673783	-0.8584591756	0.8125391598
row-879	0.0988021410	0.6208252135	0.1588258446	1.0169273980	-0.3520424152	-0.5851180755
row-880	0.8530312226	-0.8701825716	0.5544598987	-0.6593948387	1.1431589084	0.9217921125
row-881	0.8552427702	-0.2808211273	0.0291216066	0.9104199105	0.7675101444	-0.5770826998
row-882	0.3355978061	0.4250229326	1.3222602871	-0.0237842304	-0.0685089454	0.9363746640
row-883	0.1263436282	0.0694462090	1.0480608765	-0.5498197576	0.0161287783	1.1443967225
row-884	0.9208709780	-0.5924393710	0.8908389847	-0.2961045643	1.0000379192	0.8678660130
row-885	1.1343701812	-0.8242809722	0.3232404178	0.3644459624	1.3057441470	-0.0094065006
row-886	-0.8673925377	0.6439171176	0.1208289849	-1.0374262363	-1.0024510788	0.6855796155
row-887	0.1114462384	-0.0186782686	-0.9556399367	0.4837675144	0.0732646829	-0.9826358258
row-888	0.7438938216	-0.1182724616	-0.0337468149	0.9582414171	0.5856964301	-0.6529956680
row-889	-1.1926953429	0.1999364618	-1.2263610807	-1.2796789306	-0.9008450720	-0.1651328570
row-890	-0.7624159119	1.0998506332	0.5332021374	0.5830411093	-1.2712103921	-0.0756006701
row-891	0.2564753481	-0.5168642533	0.6241952503	-0.7831571870	0.4898832456	1.0655332555
row-892	0.9180171927	-0.6610655753	-0.3512884700	0.8331186752	1.0606985890	-0.7745033648
row-893	0.4363939455	0.3643120755	0.1521853442	1.0255768639	0.0561086730	-0.5827092450
row-894	-0.4147126973	1.0666315835	1.1564335765	-0.1536645203	-0.9985479325	0.8434022163
row-895	-0.3691395317	0.6518200523	-0.1914881883	0.8873139103	-0.7128244339	-0.7619497724
row-896	0.9934596352	-0.5436333756	0.1103691357	0.7645681249	1.0308096781	-0.4242621772
row-897	1.1851301151	-1.0493225849	0.4661153788	-0.4536311798	1.4930471173	0.6720681951
row-898	-0.5831243192	0.4896056868	-0.6202119184	0.6689266795	-0.7675954202	-0.9357827384
row-899	0.8771568223	-0.6658743021	0.8222898144	-0.4370869433	1.0193719163	0.9314499160
row-900	0.3224037419	-0.5944222949	-1.5366538193	-0.0518131468	0.6510560688	-0.8812168979
row-901	0.9532080692	-0.7835332285	-0.4004485953	0.7978033448	1.1653433122	-0.7819908731
row-902	-0.7084316158	-0.0182549773	-1.6714838121	-0.2220615296	-0.4934433085	-1.0328575563
row-903	-0.8738899538	-0.5679870933	-1.1016322823	-1.2668087424	-0.2338135142	0.0554874631
row-904	0.2676547581	0.1525527966	-0.4869844196	0.8221267880	0.0695637398	-0.8918317324
row-905	-0.7127177892	0.5752066434	0.3932755153	-0.9592843641	-0.8662419419	0.8538343811
row-906	-1.4190717452	0.7316925114	-0.5253824802	0.6715224249	-1.5015249992	-0.8690382906
row-907	0.9704874994	-0.2761107140	0.9053041021	0.3267833081	0.8281513193	0.4111779697
row-908	0.4475466048	0.6686172345	0.9165341692	0.8889105749	-0.1393374256	0.0140227414
row-909	0.4053522460	-0.5904032005	-1.3851624042	0.1201059460	0.6914618625	-0.9213367339
row-910	1.0243662966	-1.1194602212	0.1759936059	-0.7720866398	1.4403559690	0.7357813575
row-911	0.9103779958	-0.9207559141	-0.7164042464	0.7432003346	1.2289070928	-0.9494273452
row-912	-0.0047789750	-0.2485478456	-1.4669607076	-0.0264413238	0.1741514420	-0.9256126628
row-913	1.0991272177	-1.1947104178	0.0361002695	-0.7979381401	1.5486754061	0.6524811797
row-914	-0.6801683728	0.5889743311	-0.4891149564	0.7326491491	-0.8992555141	-0.8851966426
row-915	0.1722640830	0.1896772792	1.1561336140	-0.4264932182	-0.0297205621	1.1238384043
row-916	0.4145413378	0.5579965597	0.5128265187	1.0246438473	-0.0859094343	-0.3418790615
row-917	-0.9569428691	0.8733030495	0.2149320044	-1.0030194305	-1.2061915808	0.7054907585
row-918	-0.0110247736	-1.0094395864	-0.3908381730	-1.0766427561	0.6437633388	0.6108871938
row-919	-1.1547214416	0.9940346583	-0.1058707011	-1.0758335529	-1.3963654161	0.4907238748
row-920	-1.1765321904	-0.0377386552	-1.3508817121	-1.3025127394	-0.7465334148	-0.2206809974
row-921	0.9682479932	-0.6260987018	-0.1213185124	0.8076431177	1.0701551473	-0.6057496476
row-922	0.5903163771	0.2627844601	1.2741517960	0.1828017809	0.2134657615	0.7632334960
row-923	0.8829221454	-1.1444881355	-1.0426168781	0.5891394485	1.3638569213	-1.0437016026
row-924	0.2130003059	0.1816034671	-0.5072927230	0.8057018521	0.0109475582	-0.8985259865
row-925	-0.5188161109	0.4842447214	0.6563591718	-0.8556931032	-0.6858711022	1.0004412262
row-926	0.5494809239	-1.2936805674	-0.7884560990	-1.0430850446	1.2620331521	0.3523340984
row-927	0.4795711487	-0.6778896872	-1.3679238262	0.1598119883	0.7996759219	-0.9322221882
row-928	-0.0658959922	-0.3979650739	-1.8722119326	-0.3996786685	0.2775989356	-0.8623165434
row-929	-1.1075369710	0.4372490550	-0.9626911069	0.4158236254	-1.1089092986	-1.0377988981
row-930	0.3985543797	-0.5080692491	0.7434646138	-0.6951890572	0.5828909436	1.0843399716
row-931	-0.5902671534	0.6410646315	0.6886778763	-0.8369516422	-0.8329594519	0.9914118664
row-932	-0.6953129455	-0.8781832309	-0.9797317759	-1.2450945240	0.0764429101	0.2027394653
row-933	-0.4489878011	-1.0429058437	-0.8413534811	-1.1989306836	0.3571490534	0.3429569867
row-934	0.2308345309	0.8686651619	1.2119673184	0.5883365184	-0.4262296496	0.4035772764
row-935	0.8511637677	-0.5201874704	-0.3621661610	0.8665875925	0.9227724378	-0.8058802740
row-936	0.7680235387	-0.2240714027	-0.1448398837	0.9359627460	0.6715221024	-0.7113500640
row-937	0.7081773364	-0.7338375677	0.6665273444	-0.6486908277	0.9495898339	0.9976687581
row-938	1.0507854621	-0.8086362464	-0.0622366897	0.6771189072	1.2445219234	-0.4778088556
row-939	-1.4264646772	0.6869030645	-0.6115851101	0.6296569988	-1.4799688555	-0.9074564435
row-940	-0.3447370089	0.4971055755	0.9100654657	-0.7072793875	-0.5801162139	1.0940105883
row-941	-0.7679522266	-0.7740206633	-1.0468673607	-1.2568941400	-0.0368251046	0.1335455611
row-942	-0.5975238037	-0.9110331450	-0.9130853261	-1.2242337217	0.1662335106	0.2588485748
row-943	1.1920617017	-0.9594519260	0.4837048977	-0.0831515964	1.4336672310	0.4127557910
row-944	1.0610812987	-0.5066382732	0.6145913600	0.4242986579	1.0439730824	0.1438683132
row-945	-0.9195393801	-0.2525912979	-0.9501662911	-1.2421269517	-0.4588721735	0.1101865942
row-946	0.1874859910	-0.0283463951	1.0218671144	-0.5589678467	0.1217622089	1.1422376864
row-947	0.9988158276	-0.7073175921	0.8017256814	-0.3141313709	1.1304343136	0.8151468801
row-948	0.5754235547	-1.2759526136	-0.7043074987	-1.0302738582	1.2635632008	0.3926434127
row-949	-0.3490747079	0.5446210689	0.9412987367	-0.6832108434	-0.6135872617	1.0953803065
row-950	0.9083150750	-0.1379296585	0.5296304596	0.7888667680	0.7047874193	-0.1641470810
row-951	0.7093807529	0.2900377634	0.7192144896	0.8931684466	0.2904515754	-0.1113953407
row-952	0.1626183827	0.4891165205	1.2960439214	-0.1849812237	-0.2295639016	1.0258839795
row-953	-1.3313406388	0.4977052224	-1.3231550968	-1.2888204508	-1.1635211001	-0.2868162523
row-954	0.0008246485	0.6390274270	0.0878268503	0.9977544329	-0.4348812676	-0.6249818267
row-955	-0.1417110840	-1.1565151710	-0.7698874291	-1.1435603479	0.6616014090	0.4216788228
row-956	-0.4531758967	-1.0478853424	-0.8407177348	-1.1998535884	0.3572354362	0.3449910929
row-957	-0.2343054299	0.7102174480	1.1607687900	-0.4425359892	-0.6435339896	1.0785857218
row-958	-0.7516713001	0.6618052003	-0.3895403756	0.7725975438	-0.9951704165	-0.8397684815
row-959	0.6781895385	0.3104082227	0.6444457385	0.9355713043	0.2570601345	-0.1896373444
row-960	-0.9149658496	0.6617323387	-0.4645275170	0.7252313307	-1.1112195707	-0.8659043142
row-961	-0.1523340705	-0.0527997153	0.6838871105	-0.8201569976	-0.0965129982	1.0744675748
row-962	0.1523485602	-0.9260703125	-0.0825899891	-1.0014696160	0.6983045893	0.7666547985
row-963	0.3560488645	0.2831398131	-0.1337068733	0.9695136985	0.0502234094	-0.7433981142
row-964	-0.3369202128	-0.2571116872	0.2259972983	-0.9939119228	-0.0882350413	0.8735060073
row-965	0.3484747519	0.1194841806	1.2048967794	-0.2991178502	0.1377673608	1.0743415373
row-966	-0.1192024314	-0.3826803866	0.3931145931	-0.9238514432	0.1410629077	0.9746915670
row-967	-0.2724267115	1.1070413984	0.9631632741	0.5934747451	-0.9334748673	0.2112024002
row-968	-0.0384136400	0.8818099671	1.3100436619	0.0372840790	-0.6222446838	0.8442690714
row-969	-0.2695759925	0.8893918773	0.3503827959	0.9698577651	-0.7899251204	-0.4372187459
row-970	-0.1230463071	0.3507057861	1.0367550672	-0.5968305611	-0.3365102933	1.1345433982
row-971	0.3428688369	-0.7173331478	0.4342475112	-0.8398869920	0.6853135375	0.9906508323
row-972	0.9180495548	-0.1435793769	0.9705000596	0.3808186663	0.7059059893	0.4167838088
row-973	-0.1751403883	1.0525483793	0.8652375728	0.7734358396	-0.8295134825	0.0318553802
row-974	0.1760948714	0.8815202046	0.8883685843	0.8933971087	-0.4687859971	-0.0178547480
row-975	0.7927966529	-0.2494138758	1.0948668445	-0.0936626673	0.6856851880	0.8570837349
row-976	0.3402242646	0.7917338998	1.0615354685	0.7881362371	-0.2970294366	0.1726348160
row-977	-0.4508561939	-0.7512088528	-0.5329146144	-1.1537990183	0.1607554062	0.4835233636
row-978	-0.2067363454	-0.2484990798	-1.7236570032	-0.2844653679	0.0516687497	-0.9070762419
row-979	0.4928896287	0.5473770954	0.6739038516	0.9831117659	-0.0254257511	-0.2061958993
row-980	-1.5054165019	1.1512304193	-0.2402276797	-1.0317814699	-1.7239916256	0.3718820522
row-981	0.8311771039	-0.1067853672	0.2620431570	0.9187416712	0.6362368327	-0.4288773566
row-982	-0.5261383964	0.9877235140	0.3827096478	0.8805413836	-1.0361723543	-0.3647217474
row-983	0.1826237507	0.0466234394	-0.7684130450	0.6391433264	0.0782770436	-0.9626967362
row-984	0.0260854793	0.2418102312	1.0892298793	-0.5296328428	-0.1642466488	1.1409500598
row-985	0.3098403343	-0.3088551200	-1.1467054742	0.3371922437	0.4182598385	-0.9665644719
row-986	0.1826855236	0.2015304759	-0.5099305796	0.8010824003	-0.0240610777	-0.8994142278
row-987	0.2370060177	0.1150134374	1.1489168873	-0.4174360431	0.0633439032	1.1195523343
row-988	-0.6521725113	-0.8880166579	-0.9587850861	-1.2363044883	0.1135366343	0.2210006150
row-989	-0.1079004076	0.0242912362	-1.1078405979	0.3290249171	-0.1108965496	-0.9963409899
row-990	-0.5687125341	0.2754246782	-1.0034174962	0.4016920326	-0.6186087251	-1.0292832433
row-991	-0.9977354236	-0.2761439965	-1.1405971796	-1.2722946554	-0.4918454417	-0.0234310177
row-992	-0.5607441250	0.5851943193	0.6834159345	-0.8413230155	-0.7779630277	0.9978135557
row-993	0.8184284678	0.0715670483	0.6114355129	0.8548749292	0.5075883146	-0.1552638458
row-994	0.5252484046	0.5073585432	1.2669631000	0.4326641523	0.0116329282	0.5687610627
row-995	-1.2200917766	0.6512691297	-0.6056970679	0.6367884281	-1.3179561184	-0.9126035854
row-996	0.3897789072	0.5621101425	0.4720071860	1.0308089138	-0.1058474922	-0.3736879277
row-997	-0.7703845607	0.9821149770	0.2344312979	0.8226216886	-1.2050580321	-0.4306347030
row-998	0.3050119475	0.2364043950	1.2457076797	-0.2481517672	0.0320485922	1.0573161982
row-999	0.6841890580	-0.7272201262	0.6612347099	-0.6599187007	0.9285487666	1.0036605395
row-1000	-1.0230114455	0.9271715334	0.1334802056	-1.0218945788	-1.2796063097	0.6484027927
