	i1	i2	i3	i4	o1	o2
row-1	-0.9701309281	-0.5752809861	-0.9005026777	-1.4592174375	-0.2365739321	0.3357152209
row-2	0.7115626892	-0.0837643682	1.3609570409	-0.4732563204	0.4509508769	1.4091301563
row-3	-0.9154733076	1.4896125206	0.4076756385	1.1333055107	-1.3527363381	-0.5881105598
row-4	0.7149316480	-0.1502206246	1.3225494698	-0.5162800856	0.4882892335	1.4156848984
row-5	0.9663278133	-0.7873751420	-0.8297401108	0.9721221104	0.9905065246	-1.2752146098
row-6	-0.2741248733	0.1499271090	0.7177583699	-1.0573997136	-0.2402858043	1.2670232784
row-7	-0.3971954435	-0.6538107176	-0.1894539382	-1.3078351790	0.1226461665	0.8190926824
row-8	-1.3366158322	1.1519004505	-0.3727664504	1.0188203841	-1.4329089669	-1.0623425555
row-9	-0.8113473967	0.7151894631	0.6491633331	-1.1010035592	-0.8471133679	1.1523397957
row-10	0.5493922826	-0.1258685782	1.2510963677	-0.6667982207	0.3782321719	1.4639309872
row-11	-0.6554822878	0.9931768266	-0.0944171988	1.1969913450	-0.9424545562	-0.9540419648
row-12	0.5019947918	0.1193033678	1.3865533724	-0.5540884359	0.2197578310	1.4666846565
row-13	-0.6769571239	0.9515736178	1.0556801308	-0.9117988327	-0.9020080498	1.3247090472
row-14	-0.5227029818	1.4105401773	0.6695391174	1.1445280044	-1.0767495238	-0.3831436832
row-15	1.4441114018	-0.4916342729	0.7471540137	0.7497268969	1.1151775667	0.0585082900
row-16	-1.2988842130	1.0487334928	-0.4824211730	0.9864748595	-1.3562659669	-1.1121169439
row-17	-0.1942417807	1.3625043178	1.2362755804	0.7440060385	-0.8551234322	0.3354294390
row-18	-0.4573583190	-0.2349176957	0.1318689224	-1.2303382245	-0.1359818055	0.9647920649
row-19	-0.1419373849	0.6332786238	-0.1815309332	1.2049873842	-0.4454841408	-0.9872729085
row-20	-0.5776918623	0.9296623057	-0.1183249460	1.1979297795	-0.8628455401	-0.9651413529
row-21	0.5071995083	-0.6260947597	0.8481644191	-0.9396272815	0.6204479310	1.3914792973
row-22	1.1573589926	-0.3277136541	0.0667855274	1.2193240940	0.8557965548	-0.7988387072
row-23	-0.3323249068	1.3105095481	1.5049942026	0.0207483974	-0.9070689944	1.0362944741
row-24	-0.8901564132	0.3128784317	-1.3528003465	0.3932803277	-0.7033104122	-1.2729942524
row-25	-0.5821264203	-0.8869757711	-0.6592229664	-1.4132525742	0.1451747874	0.5457641699
row-26	1.4183324114	-0.8839027085	-0.0952508306	1.0301568497	1.3119761641	-0.7722386192
row-27	-0.1322854798	-0.0275675183	-1.2702482736	0.4093681299	-0.0628072914	-1.1890615307
row-28	0.6299129048	0.5451196898	0.4308572508	1.4025939952	0.0684781014	-0.6743639320
row-29	0.1555763014	-1.2930861618	-0.0818414114	-1.2863260466	0.7751199684	0.9790867155
row-30	-1.8372019088	1.3330099052	0.0318168078	-1.4003359885	-1.7490904065	0.7489925237
row-31	0.5877630524	0.5255170994	1.6137860513	-0.0612952290	0.0535450112	1.2625837986
row-32	-0.4316559254	1.3770435720	0.7008858501	1.1622020880	-1.0050441104	-0.3666804068
row-33	0.8165058964	0.2633398761	0.2778626805	1.3666352717	0.3320752442	-0.7566107136
row-34	0.0404552175	0.1077376720	1.0136597095	-0.9154841243	-0.0396144741	1.4173731043
row-35	0.7584911128	-2.1575139857	-0.1708930366	-1.2375802830	1.5792292668	0.9730034055
row-36	-0.6828302050	-1.3236336282	-1.2226049247	-1.5537361843	0.3249993341	0.2515067628
row-37	1.1928407782	-0.9274103545	-0.6154690614	1.0436339004	1.2003529232	-1.1689183078
row-38	-0.3298453953	0.5316040604	1.0127448786	-0.9343373339	-0.4778347445	1.3688064046
row-39	-1.6396880724	0.0102476443	-1.3193820064	-1.5597753023	-0.9169190747	-0.0196915668
row-40	-0.0902776950	-0.3705405434	-1.8923345270	-0.1119927700	0.1704754748	-1.2557053988
row-41	0.2618295496	-0.4127589762	0.7944324921	-0.9992846235	0.3654966437	1.3659392556
row-42	0.0908403691	0.7444593623	0.1630953221	1.3465821233	-0.3642147109	-0.8382329431
row-43	1.2235482202	-0.8825080738	-0.5051964253	1.0692134662	1.1943620248	-1.1063487312
row-44	1.5478001864	-1.2328099545	-0.2434446561	0.9136964740	1.5772959367	-0.7913380921
row-45	1.7418904486	-1.5075425947	0.4581391544	0.1541999767	1.8349460863	0.3137117113
row-46	0.8074551987	0.4942101264	0.6231654599	1.3601941726	0.2039500126	-0.5019502409
row-47	-1.4546288932	0.6806701174	-1.1333504430	0.6159233684	-1.2484782235	-1.3085255666
row-48	-0.6408383790	-1.3681119045	-1.2055506166	-1.5507540691	0.3720176888	0.2698009591
row-49	0.0604061482	-0.8973139502	0.1564051425	-1.2245660825	0.5099679133	1.0743075733
row-50	0.3711188888	-2.2435145320	-0.6662862562	-1.4046533698	1.4029173945	0.7227739600
row-51	0.6528544284	-0.2760060270	1.2106662915	-0.6592889566	0.5187232562	1.4416581952
row-52	1.4595044093	-1.4514396808	-0.7242861025	0.9032248685	1.6425712082	-1.1402534778
row-53	-0.5137062081	-1.5011796712	-1.1531938728	-1.5411940409	0.5135587689	0.3251069094
row-54	0.6639180589	-0.6268612853	0.9696080752	-0.8307858879	0.7119541467	1.4091250781
row-55	1.0374840305	-1.9356984886	0.2313995389	-1.0343539510	1.6263178268	1.1015360033
row-56	1.2466313414	-0.8120400980	-0.3752400635	1.0949845972	1.1701359378	-1.0295635759
row-57	-1.1557415551	1.1924741597	-0.2021301973	1.0981774675	-1.3452482939	-0.9933712005
row-58	1.3139364162	-0.5546341211	1.1130215192	0.0791524656	1.0645229544	0.8402438419
row-59	1.6028648645	-1.0097123535	0.2912917664	0.7708774696	1.4895821655	-0.2887838257
row-60	-0.9043697124	0.9782482376	-0.2974583559	1.1026609219	-1.0835087704	-1.0429564962
row-61	1.3425446214	-0.6013794818	0.1079746634	1.0967877351	1.1145863781	-0.6743605641
row-62	0.0860731089	-0.7478407250	-2.2646682761	-0.3761638911	0.4911496267	-1.3248326182
row-63	0.7582908989	-1.5105009047	0.3625406140	-1.0918994842	1.2365440627	1.2113508891
row-64	-1.6035934466	0.5946927865	-1.4080510589	0.4270024813	-1.2860305783	-1.3761908473
row-65	0.7777317879	0.3105095448	0.2877525689	1.3750060281	0.2832663966	-0.7558520305
row-66	-0.3524616618	0.1404716657	0.6186886481	-1.0935265320	-0.2792368414	1.2120566395
row-67	-0.0226940265	0.7917320929	1.4958016448	-0.5166982071	-0.4447171710	1.4488316665
row-68	0.4636555556	0.8861462927	0.7922305425	1.3505915069	-0.2118860220	-0.3824702106
row-69	0.4020168368	-1.9423482212	-0.3628930472	-1.3405486980	1.2605031909	0.8768680326
row-70	-0.4200638769	0.2165453115	-1.0977334755	0.5590354754	-0.3743422128	-1.1843168121
row-71	-0.6313764981	-0.0709834415	-1.9768535901	-0.1789456784	-0.3139025271	-1.2930929374
row-72	-0.5697447667	0.8740133643	-0.1851834297	1.1746119268	-0.8289833685	-0.9934443062
row-73	1.1690512856	-1.2289315498	-1.0094502414	0.8879208060	1.3503313863	-1.3436405558
row-74	-0.8566793891	1.5597005187	0.6415929934	1.0171685914	-1.3530941195	-0.3372637924
row-75	0.2313532105	-0.5030526637	0.6882407491	-1.0457250895	0.3963450480	1.3245692860
row-76	-0.3228013786	0.2358710269	-0.9654974875	0.6647489043	-0.3297629834	-1.1616047697
row-77	0.8543640252	0.1874418532	0.2283544563	1.3528262705	0.3956689254	-0.7821795411
row-78	0.6460764192	-0.7651606781	-1.2988880868	0.5869943774	0.7964938875	-1.3330348891
row-79	0.2921186371	0.4376331483	1.4686493011	-0.5242300096	-0.0725260436	1.4761432465
row-80	-1.0726552535	1.6809544519	0.9273318787	0.5575228071	-1.5439686545	0.1800952872
row-81	0.9950325935	-1.9264448202	0.2112438548	-1.0607659964	1.5961622644	1.1063793219
row-82	0.3117024831	0.6219183844	0.1898078146	1.3708692478	-0.1659395297	-0.8295877897
row-83	1.6496147697	-1.3260636175	-0.0912622003	0.8068386204	1.6882184221	-0.5966912338
row-84	0.5960471529	-1.9729663102	-0.1750136419	-1.2746210202	1.3876591227	0.9785698570
row-85	1.6217946938	-1.4119920143	-0.2962290159	0.8453813058	1.7180012130	-0.7774492595
row-86	-0.5629483346	0.5945123945	-0.5682219033	0.9721347038	-0.6751146157	-1.1126241324
row-87	1.2088599229	-1.6806699458	0.5083356995	-0.8122498411	1.5945938773	1.1190429227
row-88	1.5910256767	-0.9630529683	0.6859987004	0.4023510437	1.4539901007	0.2842021052
row-89	-0.7715399854	1.2316308503	1.2447057767	-0.7256895707	-1.1112797214	1.3173093459
row-90	1.3292853535	-1.5400944810	0.6322596026	-0.6191997939	1.5937569774	1.0532274773
row-91	-0.6481484873	-0.4383464080	-0.3148857733	-1.3323994498	-0.1327984669	0.7024222121
row-92	0.6925998339	-1.2880146570	-1.8822125293	0.1889640640	1.1178838745	-1.4622308996
row-93	-0.6274717788	0.6600133826	0.8095683846	-1.0348396497	-0.7145594378	1.2490756550
row-94	0.3677753736	0.1488595228	1.3227162377	-0.6603038559	0.1259987456	1.4863122793
row-95	1.1660624079	-1.2605912757	-1.0510026383	0.8686191783	1.3658870944	-1.3599225819
row-96	-1.3773821326	1.0148001844	-0.5790092952	0.9355902385	-1.3853461611	-1.1459091657
row-97	-0.4491584381	1.2834736608	1.4898516285	-0.2521227465	-0.9589431277	1.2056544891
row-98	-0.7009320319	1.3822373677	1.3969494747	-0.3587546000	-1.1578245584	1.1861041193
row-99	0.7099059145	0.7930355415	1.4110641262	0.8054957988	-0.0142156388	0.4752759145
row-100	1.3214188017	-0.2229227703	0.7023783972	0.9818790776	0.8983378707	-0.1531019729
row-101	-1.2883109849	1.0539345027	0.4379789321	-1.2021265182	-1.2967761801	0.9902708977
row-102	1.6007423874	-1.5236212335	0.5976102079	-0.2019170437	1.7535821196	0.6973918847
row-103	1.2344562043	-1.2906622682	0.7765398492	-0.6041887984	1.4040366512	1.1388533201
row-104	-0.9140854355	1.0395360165	-0.2260024556	1.1267913645	-1.1212627604	-1.0126016030
row-105	-1.2889903991	1.7192621067	1.0965410863	0.0288173099	-1.6894975101	0.6566090060
row-106	-0.2839556302	-0.5110353410	0.0891480877	-1.2416074698	0.1093495189	0.9783402333
row-107	1.0546063045	0.0779396520	1.4044773592	0.2388843581	0.5715204315	0.9159725641
row-108	-1.5959859035	1.1623323680	0.1499071174	-1.3184714158	-1.5242969989	0.8150509684
row-109	-0.7176202934	0.4439587635	-0.9410459526	0.7091606612	-0.6811908769	-1.1958705214
row-110	1.4986564326	-1.5986127532	-0.8223403813	0.8583997557	1.7454793846	-1.1786495227
row-111	1.2314040252	0.0249416577	1.0222173645	0.8512292574	0.7103211908	0.1772944267
row-112	-0.8628685960	1.4638198657	0.4103448402	1.1492992075	-1.3079984022	-0.5937536916
row-113	1.4213441785	-1.4062296299	0.7124077115	-0.4203502363	1.5798313350	0.9519352942
row-114	1.1469553596	0.1882524130	0.9804472717	1.0055627652	0.5726803540	0.0282310819
row-115	1.5998780412	-0.9528808393	0.4231824726	0.7055584988	1.4567233310	-0.1421439715
row-116	0.5934008878	0.8703121520	1.5045858102	0.6510045684	-0.1254985715	0.6515205681
row-117	-1.8895661160	0.4046659221	-1.3017002981	-1.5833700772	-1.2643544153	-0.0472869011
row-118	0.6618830726	-0.7271083462	-1.2251163720	0.6456417293	0.7837340930	-1.3226657241
row-119	-0.6206963218	-1.3819435685	-1.1901553952	-1.5473147310	0.3905260130	0.2819088642
row-120	0.8148882362	-0.8104694608	0.9346164569	-0.7928986525	0.8981924161	1.3708021887
row-121	0.3289548535	-0.3741928912	-1.2471992579	0.5091087649	0.3987324313	-1.2378679997
row-122	0.2546618915	0.2238719025	-0.4271467698	1.0971504417	0.0145695148	-1.0730476833
row-123	-0.0559586365	0.6564162119	1.3757329361	-0.6683470664	-0.3903446286	1.4703670984
row-124	-1.3347013901	1.0112138725	0.3196433275	-1.2387144732	-1.2984131359	0.9247756815
row-125	-1.2064664178	0.5273467565	-1.2062897326	0.5488871544	-1.0148370620	-1.2988194703
row-126	1.5611526538	-0.8293897685	0.6668258316	0.5555944320	1.3656387734	0.1510080459
row-127	-1.5237616474	1.0904859544	-0.5667984186	0.9139751914	-1.5133097880	-1.1268793985
row-128	1.5014141232	-1.4875815721	-0.6796992626	0.8899314576	1.6870357190	-1.0965660072
row-129	0.2521752741	-0.3440272114	0.8420062325	-0.9791661521	0.3232297534	1.3815054932
row-130	1.3712302364	-1.0252626584	-0.3850948091	1.0273161254	1.3597845547	-0.9842649266
row-131	-0.9580427993	-1.0318562494	-1.3377785499	-1.5737646318	0.0169435768	0.1290822693
row-132	-0.0755813989	-0.5469984413	-2.2056696004	-0.3693318333	0.2863432482	-1.2919616415
row-133	0.1740763874	0.2706585924	-0.4360572194	1.0828359272	-0.0591458090	-1.0701154673
row-134	0.9669319070	-1.9363347777	0.1840161563	-1.0813124108	1.5847151563	1.1026029501
row-135	-0.1056960259	-0.5088126775	-2.1854225545	-0.3579525231	0.2472215071	-1.2867827732
row-136	-1.6732145034	1.6494133801	0.8437696315	-0.9935852811	-1.8514454680	1.1017022497
row-137	-1.1314143621	0.1145065831	-0.4246469475	-1.3594047942	-0.6979396542	0.5467662602
row-138	-0.0886593939	1.2456353095	0.8243743111	1.2170658073	-0.7317762243	-0.2936343902
row-139	-0.7931785574	-1.0888755952	-1.1525742435	-1.5297198002	0.1377965060	0.2568518213
row-140	0.4771708091	0.1425247763	1.3875672928	-0.5625940367	0.1928857178	1.4709600830
row-141	1.0345694946	0.2781530112	0.7366473859	1.2348623553	0.4572092202	-0.3231815400
row-142	0.6398675929	0.3625740092	0.1762504379	1.3732147493	0.1713958730	-0.8361113910
row-143	-0.4338742719	-1.4262475167	-0.9698197919	-1.4953218115	0.5171939475	0.4304213578
row-144	-0.7208789445	0.6148773421	-0.6620072059	0.9131465890	-0.7797092784	-1.1455456527
row-145	-0.3012279126	-1.2358602521	-0.6096716474	-1.4099573749	0.4884362662	0.6342242684
row-146	-1.0905949069	0.8490713868	-0.6037210581	0.9481169137	-1.1261246542	-1.1546794865
row-147	-0.1353173008	0.4227647906	-0.4816652328	1.0323467693	-0.3269533770	-1.0742027342
row-148	-1.3102934391	1.2922855645	0.7302918483	-1.0919265612	-1.4430247380	1.1196592924
row-149	1.6500640567	-1.3165035324	-0.0749783442	0.8042696863	1.6833258549	-0.5827407900
row-150	0.1446404757	0.2875578335	-0.4385807870	1.0783832114	-0.0859726998	-1.0691855138
row-151	-0.4697865349	-0.1562111401	0.1918177954	-1.2155641531	-0.1852562900	0.9916739399
row-152	-0.4243356377	0.2971476553	0.6848044119	-1.0736004106	-0.4040951251	1.2290015551
row-153	0.4566597124	-1.8210362659	-0.1949835145	-1.2979231551	1.2271928436	0.9630223835
row-154	1.5818861011	-1.1126689692	0.0259604779	0.8685422650	1.5329201238	-0.5582969011
row-155	-1.5199873617	1.3945163107	0.6075046782	-1.1618693461	-1.6156308836	1.0488014155
row-156	1.3814297718	-0.8052943497	-0.0782612409	1.0602267107	1.2475362248	-0.7829765447
row-157	0.5223072740	0.6884509459	0.5172283769	1.4060658750	-0.0727285831	-0.6171407340
row-158	1.4233785275	-1.1106079790	0.8593720782	-0.2088187083	1.4252669082	0.8878327779
row-159	0.5997003655	-1.9595237746	-0.1597157934	-1.2706203447	1.3826379019	0.9859928439
row-160	-1.1385744018	0.9476020736	-0.5051598481	0.9943928823	-1.2071629109	-1.1234335921
row-161	-1.7267180883	1.1783036948	-0.5385656062	0.8585575156	-1.6832071377	-1.0634715677
row-162	-0.9444622556	1.4093285697	1.2580811085	-0.6153117161	-1.3098193941	1.2325949378
row-163	0.2510778615	0.7355240000	1.6095630226	-0.2706514673	-0.2563721785	1.3821872073
row-164	1.3796488885	-1.1377015105	-0.5067753941	0.9974041668	1.4254615509	-1.0514445133
row-165	-0.5726844826	-1.4412889339	-1.1791078928	-1.5461474437	0.4488797602	0.2987806924
row-166	0.2750783789	-0.3864470280	0.8291263305	-0.9826220115	0.3590129581	1.3788432912
row-167	1.1038587888	-1.2163297071	-1.1049278107	0.8404866497	1.3055396722	-1.3791443535
row-168	-0.6414586847	0.9646608931	1.1062511586	-0.8788435380	-0.8893994344	1.3428312589
row-169	-0.5714772277	0.4228991924	-0.8524136995	0.7678230824	-0.5836367716	-1.1669219110
row-170	-1.1286166310	-0.8119467555	-1.3735228586	-1.5764248145	-0.1949011118	0.0695782282
row-171	1.6790718381	-1.4885057030	0.5505892796	-0.0041310060	1.7846889806	0.5061117841
row-172	-1.0688260181	1.4730141744	0.2439499591	1.1361539905	-1.4366000101	-0.7131905850
row-173	-2.1038885001	0.7124554796	-1.3299476972	-1.6465400486	-1.5436368407	-0.0695771228
row-174	0.6788167548	-0.1137678011	-0.4141849362	1.1588278113	0.4521638076	-1.1081159927
row-175	1.3255302922	-1.6769253390	0.5419864599	-0.6885888850	1.6636959426	1.0462742279
row-176	-1.4082210332	1.6958471019	1.1358168934	-0.4258214846	-1.7402602583	0.9794941907
row-177	-1.2265800922	0.5772770365	-1.1317715921	0.6065064445	-1.0555818740	-1.2882592071
row-178	-0.8585496601	-1.1462859113	-1.3041757939	-1.5688174927	0.1330954026	0.1697479656
row-179	-0.5822224961	-0.6109090528	-0.3935143669	-1.3513473141	-0.0033714245	0.6774508705
row-180	-0.0266701187	0.0768065318	0.9197341705	-0.9654321501	-0.0611279998	1.3794385358
row-181	-1.6346031033	1.2200517180	-0.4417951076	0.9204735286	-1.6490555227	-1.0430201996
row-182	0.9236565033	0.4399371178	0.7695757112	1.2828575907	0.3036312762	-0.3368483291
row-183	-1.8063284931	1.6646642548	0.6929455186	-1.1236938207	-1.9305439932	1.0604684557
row-184	0.9180581785	0.1217462920	0.2391123370	1.3370995305	0.4696106023	-0.7623692621
row-185	-1.0956023174	1.2533165767	0.9366404863	-0.9718076335	-1.3031641053	1.2180963976
row-186	-1.7161173069	1.2468597591	-0.4324126136	0.8894713081	-1.7132439729	-1.0098861970
row-187	-0.7672309421	0.2294284600	0.1935448213	-1.2208753259	-0.5589171264	0.9373686824
row-188	-0.9919468127	-0.9115374750	-1.2683518032	-1.5527531902	-0.0666600609	0.1528898188
row-189	1.2038097321	-1.4531864270	0.6641716542	-0.7203518544	1.4713069569	1.1524230339
row-190	-0.2895438530	-0.1967778847	0.3758073703	-1.1654974735	-0.0624799699	1.1130561480
row-191	1.0947397539	-0.1298034265	0.2116754523	1.2639262888	0.7117370294	-0.7267027944
row-192	-0.4357982356	-0.1396745038	0.2503603103	-1.2005102816	-0.1751473160	1.0265487554
row-193	-0.3316851588	-1.6588745517	-1.0491817056	-1.5185614439	0.6986801290	0.4164310670
row-194	1.2288739946	0.0065690209	0.8494168372	1.0085325648	0.7195031301	-0.0677255924
row-195	0.1015000592	1.2147513842	1.4146116472	0.6546721073	-0.6013454070	0.5509677000
row-196	-1.0357420376	1.5765790249	0.4629763396	1.0670521018	-1.4693638041	-0.5107922149
row-197	1.2289105328	0.0252633535	1.0666027233	0.7994600064	0.7083163569	0.2488653723
row-198	-0.2299278703	-0.3466458384	-2.0619083625	-0.2686240434	0.0810192648	-1.2681898170
row-199	-0.0856234365	-0.0507012863	0.7446089655	-1.0410206205	-0.0260253010	1.3065927590
row-200	1.5129082362	-0.9009442509	0.1399000290	0.9300881431	1.3777877027	-0.5223665651
row-201	1.1116495278	-1.7930491083	0.3838922031	-0.9379949439	1.5953265408	1.1310290719
row-202	-0.5169219426	0.5127227040	0.7885204463	-1.0392931913	-0.5726580701	1.2578296520
row-203	-0.9519028636	-0.9493576243	-1.2467202920	-1.5485087256	-0.0243660940	0.1730416620
row-204	1.5895091943	-1.4807602355	0.6220936239	-0.1900826069	1.7239804448	0.7054017757
row-205	0.2096595263	-2.1797915900	-0.8099050052	-1.4501824802	1.2782619548	0.6336820854
row-206	0.2433490303	-1.3823398859	-0.0568803521	-1.2778117368	0.8724154662	1.0042870255
row-207	0.3414735180	0.0841211387	1.2571136694	-0.7215166691	0.1454537584	1.4836433010
row-208	-1.6229600649	0.6735213654	-0.5305087870	-1.4252835337	-1.2692867482	0.4172137413
row-209	-0.5113245565	-0.1517924656	-2.0219480326	-0.2303780700	-0.1953937996	-1.2812115225
row-210	-1.3924397926	0.4849944109	-1.4493131502	0.3804949622	-1.0978825056	-1.3625909779
row-211	1.0040241716	-0.7482563136	1.0601470460	-0.5696839082	0.9777044366	1.2976083643
row-212	0.1296424714	-0.2593635035	0.7907298714	-1.0115884137	0.2080076570	1.3519794682
row-213	1.5821970819	-1.2346805574	-0.1545389825	0.8823481594	1.5988455644	-0.7015719588
row-214	0.7038907628	0.0877239894	1.4535598889	-0.3486381197	0.3552059204	1.3778502240
row-215	-0.1174119403	-0.4704198224	-2.1312153597	-0.3148419820	0.2174873813	-1.2798455545
row-216	1.7025041253	-1.7001860097	0.4611684437	-0.1405459420	1.9105947094	0.5505170758
row-217	-0.8301324570	-0.2343104086	-0.3609432246	-1.3411186835	-0.3435093643	0.6400854490
row-218	0.5593777467	0.8392586017	0.8509685254	1.3296060097	-0.1291461828	-0.3216978601
row-219	0.6048339986	-0.7478067466	-1.3426439009	0.5385081450	0.7640520044	-1.3289408719
row-220	0.1077511484	0.3480961040	-0.3824856222	1.1105121725	-0.1413781319	-1.0529621624
row-221	1.3497537247	-1.5876781915	-1.1023196613	0.8239434892	1.6517202973	-1.3625597683
row-222	-0.5242964293	-0.2817249869	0.0009840469	-1.2616370593	-0.1481720609	0.8868477560
row-223	1.3806272085	-1.9467187143	0.3650352832	-0.7379796523	1.8398452265	0.9653506853
row-224	-0.6718274917	0.9038217200	1.0117369264	-0.9388295352	-0.8728119977	1.3136666903
row-225	-0.5773821511	1.5032977274	0.9476833129	0.8663820188	-1.1568827904	0.0102537013
row-226	1.0530293480	-2.0121411225	0.1802982879	-1.0423335176	1.6759634057	1.0747875958
row-227	0.6310158499	0.8450322794	1.4839773797	0.6890368250	-0.0894654533	0.6105243489
row-228	1.0138043911	0.3970274813	1.3148954531	0.7449155103	0.3793736375	0.4640409679
row-229	0.3959525974	-1.3027169768	0.1834759395	-1.2046670837	0.9168881951	1.1325335769
row-230	-0.1175891632	0.7063623524	-0.0614331384	1.2584285957	-0.4697482545	-0.9407873407
row-231	1.3800726698	-1.5918783547	-1.0503722201	0.8359499864	1.6718003439	-1.3326670011
row-232	-1.3280623755	1.3568896958	-0.1000363405	1.0793815115	-1.5338590579	-0.9195263257
row-233	0.2022950293	0.0937531934	1.1517736750	-0.8199473665	0.0602751469	1.4655612068
row-234	-0.9362210403	1.1834054272	-0.0581954242	1.1653770264	-1.2088475367	-0.9288295267
row-235	0.8976328292	-1.3693993508	0.5773977463	-0.9581045532	1.2436084449	1.2637867024
row-236	-0.7787809702	1.1295478634	1.1353113813	-0.8446785536	-1.0577711856	1.3191391849
row-237	-0.3031408046	-1.3749602288	-0.7425584421	-1.4421078863	0.5620067346	0.5693822132
row-238	-0.0959647490	-1.9175887417	-0.9703436186	-1.4999738005	0.9679240469	0.5042159488
row-239	-1.6517506525	0.8182651023	-1.0475293852	0.6606606487	-1.4423466808	-1.2864588916
row-240	0.7425464918	-1.5761309224	0.2963297090	-1.1186636989	1.2621586679	1.1863970033
row-241	0.9749472562	0.4882074337	1.1502981407	1.0103256718	0.3084537478	0.1436884430
row-242	0.7479685096	-0.8270413121	-1.2153402462	0.6851403030	0.8877465689	-1.3450237182
row-243	1.2333199484	-1.2117666383	-0.8769199656	0.9369287425	1.3786762209	-1.2817139599
row-244	0.1261458481	-1.6984648905	-0.4800289355	-1.3820931187	0.9748105071	0.7828157052
row-245	0.1928138418	-1.4771761730	-0.2003808716	-1.3149494549	0.8943635069	0.9287440780
row-246	1.7179122198	-1.5835887649	-0.2733087803	0.7498844746	1.8677151744	-0.6868131311
row-247	0.6624880615	-2.2269801675	-0.3244581523	-1.2908259156	1.5603479820	0.9027693290
row-248	-0.1956556844	0.4891500946	1.1110962776	-0.8759555636	-0.3790990524	1.4165682468
row-249	0.4424189441	-0.7624213596	-1.6351443919	0.2508625456	0.6850310274	-1.3287727003
row-250	-0.4220892630	-1.1741431388	-0.7144165981	-1.4318043818	0.3881986424	0.5559488120
row-251	1.6988371471	-1.2365493028	0.3335329454	0.5715053506	1.6678626630	-0.1035679444
row-252	-0.1308160479	-0.0012707787	0.7394075110	-1.0446912729	-0.0781258528	1.2978960813
row-253	1.2762913226	-0.1713617223	1.1499461347	0.5030092837	0.8401122425	0.5373467906
row-254	1.3282087869	-0.8814074916	-0.2958880780	1.0692833253	1.2564818547	-0.9507049312
row-255	-0.0336378985	-0.2140665835	0.6561382478	-1.0716115016	0.0910545930	1.2785491175
row-256	-0.2394895715	0.5285517608	-0.4087752124	1.0760091705	-0.4470891487	-1.0583449469
row-257	1.0553416081	-1.0263808782	0.9001070394	-0.6683028476	1.1558440964	1.2671185355
row-258	0.0268176996	-0.0525899523	0.8624861858	-0.9877134926	0.0387109570	1.3659641723
row-259	-0.3981528240	0.5973083325	1.0023130270	-0.9414772188	-0.5519307059	1.3551067596
row-260	0.5237186452	-2.0897668876	-0.3535960442	-1.3234575563	1.4080779404	0.8891518303
row-261	1.3921467448	-1.2997846445	-0.6787066615	0.9488414388	1.5204843650	-1.1418436951
row-262	1.8262507669	-1.6376577056	0.2396195498	0.3318755670	1.9581301653	0.0143570830
row-263	1.0133159336	-1.7807560656	0.3376438369	-1.0090139637	1.5300229003	1.1509242846
row-264	-0.9548985792	0.1250899485	-1.8541530875	-0.0226028672	-0.6223431603	-1.3380302437
row-265	-0.3875056290	-0.4247907230	0.0396367195	-1.2531234495	0.0050912933	0.9336000129
row-266	1.7380237433	-1.6850934982	-0.3647860296	0.7344745459	1.9344580993	-0.7425297330
row-267	-0.8063643814	1.5748054982	0.7984494880	0.8958263196	-1.3305899763	-0.1350926171
row-268	0.1695388525	1.0697738052	1.6124441479	0.2163531778	-0.4837586030	1.0187173131
row-269	-0.6649444283	0.5214267464	0.6226839614	-1.1027525810	-0.6601075195	1.1628118450
row-270	-0.7042506058	0.9128074483	0.9857408674	-0.9534516675	-0.8958582633	1.3004092931
row-271	-1.6923118149	1.0336605508	-0.7387660215	0.8037162068	-1.5846360202	-1.1688740927
row-272	-0.1196544286	1.3301003583	1.1342729473	0.9243176955	-0.7938389033	0.1370085030
row-273	-0.2706017633	0.8050798463	1.3142588764	-0.7263958582	-0.5931222120	1.4377841927
row-274	1.6694843835	-1.2808219991	0.0518290702	0.7561038473	1.6755047843	-0.4524832490
row-275	0.8684310325	0.2654149099	0.3638695010	1.3597328838	0.3626944494	-0.6887141134
row-276	1.4434568596	-0.4921257214	0.8046432740	0.6865791440	1.1145476940	0.1488427367
row-277	1.0620484732	0.1572666123	0.5820389866	1.2595777646	0.5384349537	-0.4536746371
row-278	1.3083704765	-0.1805148993	0.7486938943	0.9721497583	0.8676581934	-0.1121669793
row-279	0.6871730408	-1.2062563174	-1.7893532866	0.2529942983	1.0686074414	-1.4423667976
row-280	1.5284724392	-0.7258178434	0.6336695841	0.6805373351	1.2913581668	0.0300540111
row-281	-0.5414646615	-0.2444867982	0.0148167415	-1.2583774885	-0.1777740605	0.8902675950
row-282	-0.6214030740	-1.3951250763	-1.2039252751	-1.5510934302	0.3972497566	0.2753362228
row-283	-0.3095157518	0.4143291336	0.9251323787	-0.9756930459	-0.4028912219	1.3422235894
row-284	0.5582310760	0.6291286100	0.4683349871	1.4067628200	-0.0196130699	-0.6517970345
row-285	1.2978260965	-1.4736239781	-1.0648026766	0.8492032331	1.5591384055	-1.3542829637
row-286	-0.1783202290	0.7203053032	-0.0904822240	1.2422362276	-0.5135909419	-0.9523973192
row-287	1.7027629000	-1.4422840917	0.5278136758	0.1100610883	1.7756592173	0.3991587770
row-288	-0.4864597042	-0.0776520080	-1.8144816512	-0.0526555317	-0.2291013234	-1.2598524276
row-289	0.0357778171	-0.6582563716	-2.2065326433	-0.3443821360	0.4115823265	-1.3076462796
row-290	-0.5398175800	-0.1291763907	-2.0044409931	-0.2127427953	-0.2256425604	-1.2830530135
row-291	0.3415316071	-1.1213273965	0.2794620033	-1.1797461413	0.7891813587	1.1691355030
row-292	-0.7774587663	-1.2345891798	-1.2725064702	-1.5635693364	0.2251227838	0.2047894125
row-293	0.9975202031	0.4407994607	1.2787280234	0.8272978555	0.3465951378	0.3750846784
row-294	0.5825075004	-1.2575388461	0.4100056596	-1.1112293365	1.0000948195	1.2377574798
row-295	0.7817535009	0.7270767796	1.1381309726	1.1196100193	0.0648636297	0.0473498955
row-296	-0.4608618652	0.5534177714	0.8918775027	-0.9952665702	-0.5633179255	1.3069836918
row-297	0.5565171158	0.3676157750	0.0847035479	1.3534503212	0.1179663563	-0.8882796087
row-298	-0.2544556483	1.2380235386	0.6043617705	1.2713322505	-0.8275766114	-0.4990130512
row-299	0.2294112638	0.0555150311	1.1449728002	-0.8205578565	0.0963170897	1.4653175708
row-300	-1.1572846023	-0.3682848265	-0.9654347910	-1.4711955869	-0.4508451609	0.2603256282
row-301	0.0040013425	1.2617800811	1.0576911189	1.0689550888	-0.6843890946	-0.0140479451
row-302	1.0209199080	0.2621586544	0.6678703796	1.2640360837	0.4574649383	-0.3951302729
row-303	0.3500631396	0.7550278768	1.6432828801	-0.1081936967	-0.2090387593	1.2963078007
row-304	0.2474340485	-0.2735466034	-1.2077894954	0.5175157652	0.2951090517	-1.2158921299
row-305	-1.6826669416	0.8214340045	-1.0628326980	0.6478921390	-1.4624880248	-1.2886911077
row-306	1.3229441927	-0.7084842500	-0.0846026899	1.1022371343	1.1602979237	-0.8201070927
row-307	1.5625768993	-1.2122578263	-0.1764014570	0.9015309264	1.5750574614	-0.7325026382
row-308	0.6657070434	0.8330894201	1.4283401653	0.7865156865	-0.0620784955	0.4996760090
row-309	-1.2572137206	1.3360582421	-0.0835926878	1.0982104561	-1.4802823056	-0.9189980623
row-310	1.0957803968	-0.2594268798	1.3103887832	-0.0644240571	0.7745599935	1.0847833301
row-311	0.4254132265	0.3159898377	1.4681311814	-0.4853122743	0.0700160563	1.4627542516
row-312	0.1445354898	-0.5786511628	0.5318795661	-1.1080758243	0.3873109850	1.2523598687
row-313	1.8225633935	-1.6588484695	0.2843070675	0.2537434680	1.9663500357	0.1083828205
row-314	0.8750071584	0.1916179132	0.2671987837	1.3519078056	0.4060404215	-0.7531352405
row-315	1.4912209777	-1.7415043272	-1.0115486840	0.8098895215	1.8185983770	-1.2828456028
row-316	-0.8591660547	0.7699483855	-0.5419988381	0.9884930532	-0.9461700823	-1.1251908337
row-317	0.1884853208	-0.8044594135	-2.1621462281	-0.2599100275	0.5773329516	-1.3347208895
row-318	-1.1297725033	1.4283188725	1.1152775994	-0.7877960230	-1.4233281808	1.2219983899
row-319	0.9948686678	0.3540070670	0.7814361609	1.2423532790	0.3926527706	-0.2968887041
row-320	-0.4349143951	-1.5530696945	-1.0921367339	-1.5272851793	0.5848547124	0.3723865298
row-321	-0.4293976063	0.9917972883	0.0773668778	1.2672487809	-0.8062321007	-0.8708011706
row-322	0.9581081191	0.3489589636	0.6752554894	1.2949738769	0.3730038936	-0.4136984532
row-323	-0.6566100974	0.1262328678	-1.5335905597	0.2083513197	-0.4539710985	-1.2560990822
row-324	1.2215702889	-0.1489672269	0.4814486121	1.1636146155	0.7989172584	-0.4530338633
row-325	0.1758774872	0.9691154668	0.5815348618	1.3736324862	-0.4296791434	-0.5610566731
row-326	0.6735557225	0.1059602650	-0.1323843061	1.2827229415	0.3295350442	-0.9934798263
row-327	-0.6456815409	-0.5446141228	-0.4150958737	-1.3549472071	-0.0742382286	0.6525621124
row-328	1.1081748178	0.2623908993	1.1776371829	0.8391145355	0.5087411187	0.2962841695
row-329	-0.4586602540	-0.1766568056	-2.0113620737	-0.2249472137	-0.1505129649	-1.2746725120
row-330	1.0235249317	-0.0032444770	0.2509070460	1.2996345360	0.6006957931	-0.7252462308
row-331	-1.9333523605	0.4891168116	-1.2804970973	-1.5886482024	-1.3334146124	-0.0391832903
row-332	-0.1611185339	-1.7266770708	-0.8800455001	-1.4781193158	0.8294745952	0.5341483169
row-333	0.0053009573	-0.6448679316	-2.2388097638	-0.3784589726	0.3877590940	-1.3066103246
row-334	1.5368875969	-0.7559724426	0.6920392786	0.5907029375	1.3118588534	0.1419657091
row-335	-1.7852047825	0.6612123530	-0.8109660327	-1.4924959201	-1.3493482759	0.2408797647
row-336	-1.3427680650	0.4787126210	-0.3323212368	-1.3581457002	-1.0111927150	0.5626507396
row-337	1.7411566840	-1.6585970138	0.4405907129	-0.0173036379	1.9133790902	0.4370639913
row-338	0.6395572244	-0.9573312510	-1.5565922206	0.3982038834	0.9018560573	-1.3808402466
row-339	-0.3157350909	-0.1862118996	-1.8399189931	-0.0818620167	-0.0661407702	-1.2485877437
row-340	0.6832195125	-1.6802237091	0.1577322492	-1.1748311068	1.2828455686	1.1313883130
row-341	-0.0072743724	0.6532773905	1.4112574146	-0.6289955943	-0.3608539709	1.4734073856
row-342	-0.7720145035	0.0119260722	-1.9364332162	-0.1242260076	-0.4461104712	-1.3122722894
row-343	-2.0572859412	1.1575940752	-0.6326247589	-1.5733890533	-1.7645847659	0.3646322246
row-344	0.9613680801	0.4737989098	0.9757542075	1.1631194251	0.3083692611	-0.0975001437
row-345	-1.8605668795	0.3515440394	-1.3122218146	-1.5803206118	-1.2201130898	-0.0499656759
row-346	1.2375743275	-2.0600821340	0.2370684528	-0.9109965575	1.8123105033	1.0153949916
row-347	-0.9692555500	0.1710077193	-1.7558795093	0.0640898272	-0.6599269792	-1.3306454456
row-348	-0.6402324414	-0.0023948585	-1.8195558193	-0.0413027271	-0.3630108085	-1.2802573069
row-349	1.0211704551	0.4100870476	1.2393562539	0.8602809524	0.3774159592	0.3224596522
row-350	-0.6029986672	0.6099979478	-0.5765530968	0.9672026615	-0.7073321125	-1.1172974137
row-351	1.7405573662	-1.4807897031	0.4581908674	0.1862022779	1.8201629845	0.2885001940
row-352	-0.8050054962	0.6760590296	-0.6357305804	0.9320895257	-0.8630950585	-1.1461494913
row-353	-0.2504333228	-1.5448855467	-0.8306449690	-1.4648919159	0.6824306601	0.5386555248
row-354	1.6433057281	-1.6168105971	-0.5189940136	0.8151148545	1.8412974592	-0.9189551903
row-355	-1.4510254782	1.8137021245	0.9088296570	0.3569842292	-1.8391480971	0.2872230522
row-356	1.4333583654	-1.5328051812	-0.8763087709	0.8745221935	1.6711365514	-1.2317661493
row-357	0.7509093449	0.2716603357	0.1941371686	1.3664670246	0.2875953008	-0.8175924681
row-358	0.5026628816	0.4550430193	1.5740156468	-0.2659659992	0.0408808142	1.3804582237
row-359	0.3019084979	0.5279674892	0.0481763497	1.3315323183	-0.1220655862	-0.9018728523
row-360	0.6614697249	0.8146818591	1.4831386967	0.6845430628	-0.0551075727	0.6149588230
row-361	1.2287286710	-1.2331744318	-0.9100469220	0.9244611983	1.3876210356	-1.2969230579
row-362	0.2826314068	-2.0603930770	-0.6105063173	-1.4029160065	1.2556994669	0.7417710938
row-363	1.0473157768	-1.6798287403	-1.7304159238	0.4627748775	1.5296727888	-1.5571255087
row-364	1.0305850717	-0.7866634267	1.0439635546	-0.5615063099	1.0140039585	1.2815846015
row-365	-0.0459239398	1.1141420225	0.5974048760	1.3281223922	-0.6385043775	-0.5300732578
row-366	1.0592416461	0.2730084537	0.8030843373	1.1923226103	0.4748705528	-0.2427048439
row-367	-1.8844932005	0.8992071074	-0.6781139097	-1.5052153478	-1.5322498611	0.3187142442
row-368	-0.0761303783	-0.4828910706	0.3669212654	-1.1659741257	0.2111202222	1.1468591330
row-369	-1.3390992526	0.5437779141	-1.2872985289	0.4993298959	-1.1017710862	-1.3287216485
row-370	-0.4123808451	1.4468397487	1.1889769081	0.6574095479	-1.0289424334	0.3469220366
row-371	-0.2107228638	0.8710400463	0.0882070855	1.2967491896	-0.6121814817	-0.8698765478
row-372	0.9966221525	-0.0356419721	0.1562050525	1.3017795929	0.6016459679	-0.7961795315
row-373	-1.5569445068	1.1788737368	-0.4635839379	0.9398339922	-1.5800526045	-1.0736715651
row-374	-0.9817876162	-0.9669147550	-1.3084462351	-1.5643703080	-0.0311463240	0.1367010962
row-375	0.7959694128	-1.0087959161	-1.3605556076	0.6050512450	1.0162164925	-1.3918401109
row-376	0.7412348238	-0.7722165826	-1.1581633579	0.7213914356	0.8532836505	-1.3300683684
row-377	-0.6639617621	1.5327569389	0.9053383888	0.8615679822	-1.2237841817	-0.0232786486
row-378	-1.5376891188	1.0990617271	0.1476421453	-1.3079666211	-1.4575172517	0.8163729709
row-379	-0.6139449905	-0.0184807725	-1.8276929908	-0.0515465891	-0.3379819277	-1.2771722203
row-380	0.4427433907	1.0038625480	1.0693261600	1.1925208773	-0.2860090196	-0.0697525225
row-381	1.1998075170	-1.7541653210	-1.5583060085	0.6096835283	1.6563955192	-1.5406198362
row-382	1.4708384227	-1.4004724396	-0.6376926435	0.9169106832	1.6217574274	-1.0862473292
row-383	0.0382345477	-0.8106089500	0.2074680432	-1.2106109234	0.4510865829	1.0939895640
row-384	0.2482202270	0.9806845909	0.6850187907	1.3616268097	-0.3918367816	-0.4759290714
row-385	0.5459257604	-0.8433793369	0.7103037316	-0.9976854410	0.7585972846	1.3475792025
row-386	0.5325960405	-1.0394580324	0.5407405525	-1.0705987658	0.8552661528	1.2876766601
row-387	-0.8528678349	-1.1354790617	-1.2851971253	-1.5636983200	0.1303508502	0.1799597869
row-388	-0.0640001337	0.4245712109	-0.4184770443	1.0766065687	-0.2856514762	-1.0587732677
row-389	1.3713320811	-1.0304959776	-0.3914189321	1.0260560486	1.3626660959	-0.9879798804
row-390	-1.0333738649	0.8363885120	0.5069339171	-1.1589975692	-1.0364852855	1.0542111502
row-391	-1.0391444299	1.0383445395	0.7384925952	-1.0791028486	-1.1511887461	1.1587518719
row-392	1.4295112893	-1.0244445997	-0.2547588907	1.0082814436	1.3942876663	-0.8729603231
row-393	-0.3374756951	1.2007256162	1.5220487918	-0.2868975783	-0.8489862657	1.2651279326
row-394	-0.0380456086	-1.3954828897	-0.4133114274	-1.3676778549	0.7208368397	0.7850411109
row-395	1.0654961389	-0.6140211039	-0.4630166443	1.1272448286	0.9546872103	-1.1201466140
row-396	1.0724300045	-1.6689840241	-1.6754831142	0.5064076034	1.5375785996	-1.5495096628
row-397	-0.9438499699	0.4278220886	-1.1683410744	0.5510513802	-0.8034773551	-1.2575361517
row-398	-0.4796170322	-0.1622127984	-2.0051368944	-0.2182129905	-0.1712671844	-1.2762283846
row-399	0.4409083709	-0.2733009877	1.0661940220	-0.8321142995	0.3939371495	1.4494020605
row-400	0.0350778818	-0.2959563671	-1.5576425854	0.1862502469	0.1924103879	-1.2294347314
row-401	1.2007381208	-1.1650991202	-0.8805424440	0.9411390886	1.3341020480	-1.2879027983
row-402	-1.5205234662	1.1625320527	-0.4668840494	0.9488578416	-1.5493835257	-1.0823268373
row-403	-1.5885417212	1.1107490873	-0.5742470832	0.8951020354	-1.5631640684	-1.1190645872
row-404	1.7540291174	-1.4551227766	0.4105431338	0.2873991888	1.8157423310	0.1742074878
row-405	-0.6818949930	0.8985895776	0.9953378259	-0.9481632635	-0.8755522108	1.3070944460
row-406	-1.2217091014	1.4503942554	1.0501926408	-0.8466099009	-1.4867728837	1.2026507480
row-407	-1.6355508917	-0.0676460462	-1.3978265715	-1.5776883595	-0.8722789267	-0.0585014869
row-408	-1.4040394775	1.2153694303	-0.3311711972	1.0165274310	-1.5066043833	-1.0348398875
row-409	-1.3813015609	0.8103222335	-0.8706389575	0.7849908842	-1.2775776717	-1.2406223493
row-410	0.0878880890	-0.2196658581	-1.3427748465	0.3733052814	0.1753535346	-1.2100018066
row-411	0.9341885685	-0.3667951976	-0.3733942503	1.1796621828	0.7422227727	-1.0938144122
row-412	0.7629295967	0.5821828957	1.5650684144	0.3639566798	0.1284048316	0.9201926380
row-413	-0.7826043159	0.4838470370	-0.9260202082	0.7258788884	-0.7421771700	-1.2010039908
row-414	1.2784915186	-0.8783145700	-0.3939752908	1.0755784000	1.2249823628	-1.0284031517
row-415	-0.3437367727	0.5645384088	1.0288631074	-0.9263520822	-0.5035196619	1.3717627687
row-416	0.9003699451	0.4366681642	1.4934360268	0.4315783624	0.2885039529	0.8253149368
row-417	0.6820969527	0.8329657757	1.1826132911	1.0997032433	-0.0514926144	0.0905636052
row-418	-1.3620680587	0.9350556307	-0.6774521318	0.8918365485	-1.3337228787	-1.1817412605
row-419	1.6143675688	-1.5463443892	-0.4964154783	0.8403494302	1.7860323375	-0.9217162888
row-420	0.6830560620	0.8354022454	1.2135195405	1.0688442777	-0.0522505118	0.1357476866
row-421	-0.2690806153	-0.5025492831	0.1156053365	-1.2349828193	0.1131359425	0.9939795030
row-422	1.6645242477	-1.1934578002	0.5717423480	0.3286972176	1.6214292375	0.2590669906
row-423	-1.4265069666	0.5672807732	-1.3156285045	0.4849643779	-1.1665337134	-1.3433549136
row-424	0.7302863958	0.7881717034	1.1978561536	1.0764920431	0.0012901514	0.1206362077
row-425	0.0050655739	1.2759133846	1.1837743196	0.9328506769	-0.6910585966	0.1753011228
row-426	-2.1014116731	1.2392858718	-0.5951340301	-1.5954970180	-1.8324483662	0.3991906973
row-427	0.7129796575	0.1248186292	-0.0571074967	1.3080558421	0.3432099905	-0.9572882639
row-428	-1.7164946636	1.4084245300	0.3476149161	-1.2892233186	-1.7287395191	0.9186425508
row-429	0.1971261101	1.1763857452	1.3634804891	0.7890616395	-0.5241106446	0.4227298697
row-430	-0.5088455477	0.6493326664	0.9328022952	-0.9780915321	-0.6423643899	1.3143671289
row-431	-0.9296360124	1.4478029087	1.2951165731	-0.5064629259	-1.3241852236	1.1886849659
row-432	1.8169941670	-1.6109570085	0.2592622428	0.3328903244	1.9381784184	0.0279629356
row-433	-2.1740899003	1.0764523374	-0.9859855095	-1.6619354684	-1.7786134488	0.1609778509
row-434	1.2314202202	-1.7714935475	-1.5242855291	0.6331590156	1.6839469229	-1.5330181058
row-435	0.5725412414	-0.6433338790	0.8887502823	-0.9040944105	0.6674984402	1.3999434416
row-436	1.7140788019	-1.7253833872	-0.4871831419	0.7572570194	1.9420080872	-0.8507231681
row-437	-0.5070373655	-0.1612104666	-2.0388587634	-0.2453589371	-0.1869847163	-1.2822313139
row-438	0.1751474426	1.1906640854	1.1946086246	0.9996911786	-0.5447229634	0.1458734339
row-439	-0.8404201043	0.0650769349	-1.8800964622	-0.0645151523	-0.5189518377	-1.3191925288
row-440	0.5459067623	-0.0765435009	-0.5310595718	1.0761504485	0.3531064649	-1.1323848795
row-441	0.8543337320	0.6516353566	1.2649106800	0.9581630193	0.1483767197	0.2618244292
row-442	-0.6319297169	1.0607171831	1.2108136619	-0.7932398390	-0.9373168005	1.3585613990
row-443	-1.4060875158	1.1316756260	-0.4421522691	0.9830157965	-1.4641383676	-1.0870310164
row-444	0.2802384184	0.3825715152	-0.1755389505	1.2394272539	-0.0570880755	-0.9951558767
row-445	0.9275883752	0.5525257883	1.2700700170	0.9045657603	0.2451575220	0.3082988824
row-446	0.0653369723	0.9369137526	0.4187892553	1.3719800207	-0.4799048805	-0.6794120724
row-447	0.9517164073	-1.0716068641	-1.1851666815	0.7700536421	1.1385610038	-1.3862107369
row-448	0.6451914109	-0.3348701977	1.1659093817	-0.6996973986	0.5455766631	1.4409764886
row-449	-1.5841414786	0.5560163253	-1.4686023161	0.3820976381	-1.2517822805	-1.3868885384
row-450	0.2915821881	0.2242230377	-0.3900803054	1.1241510929	0.0362829012	-1.0655747147
row-451	0.5057366877	0.4945890029	1.5915705686	-0.2190515498	0.0215823724	1.3578876329
row-452	-0.0048603896	0.2492897111	-0.6381863243	0.9279819888	-0.1525809372	-1.1066810156
row-453	-0.0594978555	1.3022841699	1.3070293874	0.7282326822	-0.7433047226	0.4079958382
row-454	0.4450596194	0.9361767831	1.5873527160	0.4387611727	-0.2493567451	0.8589546589
row-455	1.0384271022	0.2781598677	0.7480182377	1.2283959362	0.4595414981	-0.3100295433
row-456	0.1729301922	-1.1908029496	0.0290628003	-1.2573309125	0.7303617177	1.0338150827
row-457	-0.1940374176	0.2284573456	0.8785440280	-0.9916903393	-0.2374459361	1.3422524369
row-458	-0.2761715589	0.8930771078	1.3807653127	-0.6543387250	-0.6443908985	1.4321867397
row-459	0.4108100480	-1.3383730017	0.1690812974	-1.2077034063	0.9443642043	1.1275225023
row-460	-0.3499292623	-0.2073431102	0.2923261626	-1.1888974432	-0.0906818332	1.0627750167
row-461	-0.6094689314	-1.3508561930	-1.1440943091	-1.5351527754	0.3799202490	0.3061472779
row-462	1.5822473068	-0.8849537518	0.6098860040	0.5733634451	1.4084058982	0.0959785484
row-463	-1.4518565102	1.5069471844	0.0429911353	1.0538297873	-1.6867368222	-0.8035177015
row-464	-0.6628803266	0.9788544509	1.0984722741	-0.8833575345	-0.9092216950	1.3371641157
row-465	-0.2744518085	1.3918710368	1.0679741639	0.9125361911	-0.9183912647	0.0864548399
row-466	0.6357056426	0.2541253400	0.0208778662	1.3345745674	0.2268473002	-0.9202230873
row-467	-1.3348941495	1.4017994006	-0.0434881808	1.0831044705	-1.5611096804	-0.8837793366
row-468	-0.8028312013	0.7909904873	0.7417358401	-1.0677831250	-0.8838393714	1.1941831660
row-469	0.4176408768	0.3731555047	-0.0556151629	1.3020315240	0.0308081639	-0.9529381446
row-470	-0.7203128643	-0.8511699143	-0.8165670979	-1.4465373052	0.0495884214	0.4360872058
row-471	-1.1141210527	0.1053869699	-0.4095531280	-1.3558868345	-0.6835089075	0.5580331131
row-472	1.1077917429	0.2198399591	0.8566355127	1.1279764899	0.5325498857	-0.1546901015
row-473	0.5399709113	0.8470401825	1.5929688717	0.4228630682	-0.1454751801	0.8814927352
row-474	-0.4636271891	0.0898754254	0.4372716535	-1.1509329769	-0.3142978600	1.1105396768
row-475	0.7046343069	0.1119582393	-0.0850341426	1.2991437262	0.3450844350	-0.9710715898
row-476	-1.0685046595	0.3405078340	-1.4615090017	0.3281748904	-0.8229187307	-1.3149429298
row-477	0.6563944225	-1.3683249534	-2.0505157578	0.0481360356	1.1445554913	-1.4795164994
row-478	1.0688553518	0.2691973652	0.8282619955	1.1737265600	0.4826988481	-0.2103208023
row-479	0.0624198143	1.2323626937	1.4151520199	0.6295270071	-0.6338844754	0.5667871264
row-480	-0.5671283803	-1.4128625357	-1.1438124247	-1.5367157616	0.4366054746	0.3165897450
row-481	-0.3166610463	0.5487506678	-0.4409196408	1.0542687841	-0.5040001435	-1.0689653985
row-482	-1.7043518085	0.0394761174	-1.3957415221	-1.5807195706	-0.9672657269	-0.0704043349
row-483	0.5700488124	0.3295174769	0.0472745553	1.3428553757	0.1465675606	-0.9074586474
row-484	0.8890067704	0.4898549305	1.4809576723	0.5099208056	0.2536664253	0.7564372099
row-485	0.7238095537	0.7439961987	0.9764496204	1.2513244264	0.0209332865	-0.1686948862
row-486	-0.2052420827	-0.2817038732	0.3979361105	-1.1582867749	0.0305046978	1.1383490900
row-487	-0.1859379057	-0.6477949874	0.0843200901	-1.2435842381	0.2376649423	0.9952965838
row-488	0.8985375052	-0.6415298948	-0.7611790709	1.0014769640	0.8709595670	-1.2467360617
row-489	0.2291455326	0.3350724492	1.3567646299	-0.6586921440	-0.0538047625	1.4903009213
row-490	0.1352529864	-0.0853506568	0.9435570544	-0.9426983329	0.1179818662	1.4049713454
row-491	0.1421535186	0.0719198047	-0.7764391317	0.8376597102	0.0344844738	-1.1380522725
row-492	0.4365176488	0.1325680384	-0.3697269374	1.1537846963	0.1729521100	-1.0716794721
row-493	0.0709692354	0.4970041719	1.3557311633	-0.6803570523	-0.2316948275	1.4835117708
row-494	-0.3099806496	-0.2564051704	-1.9868710007	-0.2077525700	-0.0187591082	-1.2622097047
row-495	0.4685973296	-0.0027918275	-0.5219999557	1.0685379934	0.2667499971	-1.1200629664
row-496	-0.5426080362	-0.0708317205	0.1823452765	-1.2185181372	-0.2718740354	0.9730984837
row-497	-1.4199631143	0.0663859691	-0.9059161740	-1.4628558776	-0.8292636082	0.2364563501
row-498	0.2416675769	-0.4331997103	-1.4745957697	0.3028835744	0.3858330752	-1.2518324979
row-499	0.4226124365	-2.3608486017	-0.7092195092	-1.4045559298	1.4942311323	0.7041066037
row-500	-0.1593084394	1.1949688318	0.6248569534	1.2912297838	-0.7482954186	-0.4921183944
row-501	0.8500472617	0.5434161523	0.8059478344	1.2989239910	0.2038745030	-0.3238008015
row-502	-1.1809059089	1.1115471305	-0.3223188834	1.0607839102	-1.3184207497	-1.0494460886
row-503	1.7810177355	-1.5253628459	0.0721036284	0.5827891276	1.8730170626	-0.3036653730
row-504	0.7256830979	-0.4156189324	-0.7367210753	0.9871161109	0.6458722655	-1.2179442224
row-505	-1.0198505466	0.6231314492	-0.8861992136	0.7709103209	-0.9604637868	-1.2197971379
row-506	-0.4366809681	-0.1656051304	-1.9562323062	-0.1785752895	-0.1455090553	-1.2676355881
row-507	-0.4114569506	1.2927517009	1.5016307767	-0.1701596052	-0.9426168042	1.1606897929
row-508	0.7091837510	-1.2568432452	-1.8132749660	0.2470721968	1.1089848020	-1.4554082771
row-509	-0.0644491008	-1.3373348337	-0.3939872693	-1.3628756357	0.6749459687	0.7891854510
row-510	-0.2428153728	1.3764355807	1.0498654946	0.9516119652	-0.8915122341	0.0475938592
row-511	-0.8132428948	0.9506894369	0.9044877290	-0.9969740240	-0.9774600976	1.2559201916
row-512	0.8870318450	0.5864839900	1.3665837155	0.7875224458	0.2021471909	0.4645005282
row-513	0.0107645984	-0.6237096431	-2.1916645569	-0.3388965100	0.3778214503	-1.3016514827
row-514	0.8837038582	0.6068009073	1.3137312919	0.8747752288	0.1896615919	0.3606551082
row-515	0.4743600358	-1.5233851953	0.0796386371	-1.2272550832	1.0791615966	1.0925539934
row-516	-0.4633171995	0.6731128149	1.0054997587	-0.9411872945	-0.6297734297	1.3459654939
row-517	0.8161094739	0.5297196938	0.7040801093	1.3410096973	0.1904369740	-0.4291854788
row-518	0.2642894118	0.7639003451	1.6247596848	-0.2163868699	-0.2639357155	1.3543370463
row-519	0.0257400785	0.3917834455	-0.3902809620	1.0996069522	-0.2142373090	-1.0526252762
row-520	-0.5527387918	-0.6454480452	-0.3871312172	-1.3505372762	0.0315711988	0.6871830145
row-521	0.3127913371	0.5690647500	0.1160810599	1.3526870859	-0.1373110223	-0.8686988217
row-522	-1.6661768471	1.8314357824	1.0619838002	-0.2819605542	-1.9693831153	0.8197119760
row-523	1.3749883883	-1.0282993470	-0.3808670235	1.0258468016	1.3636729151	-0.9799845726
row-524	0.7402331210	0.7702655921	1.3732032495	0.8569926565	0.0162576719	0.4109660669
row-525	-0.6330842015	0.0218098753	-1.7529163204	0.0156365109	-0.3744981492	-1.2731463480
row-526	0.1585378424	0.9727518161	0.5690671951	1.3730333778	-0.4420609332	-0.5702588629
row-527	1.4516588072	-1.7714765158	0.4923020791	-0.5813237472	1.7912072287	0.9273509205
row-528	-0.7288195193	0.8307878685	0.8712718496	-1.0115524871	-0.8644611587	1.2573026161
row-529	1.2407709123	-1.7582837401	0.4637191925	-0.8110218665	1.6549580722	1.0886444856
row-530	-0.4875524165	0.5388421980	-0.5928664915	0.9546101869	-0.5997698894	-1.1130647880
row-531	0.5229772059	-1.1031389325	0.4797322504	-1.0950018926	0.8836033073	1.2642319222
row-532	-1.1937899037	0.7845680706	-0.7713941975	0.8494874487	-1.1524406630	-1.2067782900
row-533	-0.3012088800	-0.8654261077	-0.2635108942	-1.3274000530	0.2897710961	0.8032866164
row-534	-0.3854277439	-1.4004382064	-0.8785114182	-1.4735543818	0.5300902691	0.4852599974
row-535	1.0869654237	-1.1553507042	-1.0628739353	0.8609620281	1.2623243062	-1.3635279933
row-536	0.6966929791	-1.5768026437	0.2550954502	-1.1424486939	1.2358192200	1.1723968508
row-537	-1.2661957880	1.1571378611	0.6024670912	-1.1461218863	-1.3423508590	1.0714317711
row-538	1.2315377541	0.0242232123	0.9748965878	0.9019501285	0.7110904648	0.1043731939
row-539	-1.2269446920	0.3339771081	-1.6258517555	0.2166611678	-0.9100090103	-1.3626299341
row-540	-1.2001491870	-0.0119576571	-0.6582968424	-1.4063325519	-0.6671389127	0.4094762925
row-541	1.6137389344	-0.9793203309	0.4672972706	0.6451044129	1.4788003083	-0.0632139932
row-542	-1.1945829670	1.5576322644	1.1888010060	-0.5773426878	-1.5366603501	1.1327204928
row-543	-0.3304235086	-0.2911978545	-2.0934565901	-0.2990692064	-0.0078516061	-1.2731239675
row-544	-0.2152815262	1.0964898524	0.4038700430	1.3241797177	-0.7314674236	-0.6728470234
row-545	-1.6320117996	1.1275207747	-0.5724275553	0.8829882091	-1.5984129438	-1.1086897167
row-546	1.7326717089	-1.4711195826	0.4740209326	0.1710438420	1.8100072672	0.3119644460
row-547	0.4462040452	-0.8726245170	-1.7835042640	0.1397538657	0.7506923460	-1.3541241180
row-548	-1.2943035194	1.5349462287	0.1722307259	1.0900121350	-1.6047089841	-0.7399956227
row-549	0.6176739274	0.3161999161	1.5423247264	-0.2537999361	0.1826482241	1.3601535938
row-550	0.3283031242	0.1831998083	-0.4120582495	1.1153450790	0.0807529215	-1.0747646435
row-551	1.0206371411	-1.1902027058	-1.2113925737	0.7705417269	1.2433287626	-1.4057168341
row-552	0.4099985609	0.3277657220	-0.1263015148	1.2726022094	0.0506569504	-0.9824347323
row-553	0.1396118444	-2.1278830774	-0.8527045308	-1.4643987375	1.2114255845	0.6027020493
row-554	1.0691626549	-1.8107730464	0.3476310100	-0.9767843564	1.5792254758	1.1353351933
row-555	0.6038433633	0.1618055094	1.4600585534	-0.4103736871	0.2567352179	1.4198604740
row-556	1.3222360148	-1.8449025957	-1.4511951890	0.6758666224	1.7764152106	-1.5105864372
row-557	0.8567004529	-1.1195899566	0.7369794663	-0.8938120933	1.0869543617	1.3182233614
row-558	0.1086368064	-0.1667865036	0.8482165601	-0.9885746870	0.1464608033	1.3702995981
row-559	0.1754681855	-2.1794178234	-0.8534580235	-1.4620668834	1.2589347651	0.6075418147
row-560	-1.7437686440	1.1245136889	-0.6258604438	0.8259094326	-1.6648047197	-1.1019662292
row-561	-0.9794966711	1.1181803513	-0.1730525020	1.1335968212	-1.2011736841	-0.9866927701
row-562	-0.4546120333	0.3035856468	-0.9635785013	0.6721894074	-0.4460731336	-1.1714412325
row-563	-0.2285631285	0.2389994841	-0.8689108470	0.7419571808	-0.2770334519	-1.1444774061
row-564	1.5636752739	-1.7116975686	0.5170731932	-0.3927908394	1.8293307183	0.7932397156
row-565	-0.5180750834	0.9074024701	1.1747414562	-0.8340431657	-0.7886994575	1.3787477777
row-566	1.3019088134	-1.0193467307	-0.5198772952	1.0331084613	1.3151126208	-1.0890861238
row-567	0.9906834946	0.0796663576	1.4422681315	0.1015287452	0.5315348337	1.0452950921
row-568	1.0071765322	-0.6953731358	1.0931573620	-0.5336920365	0.9515779213	1.2926313662
row-569	-0.9424492957	0.9372020950	-0.3782394978	1.0665462606	-1.0847123113	-1.0747806561
row-570	-0.4385067215	0.7051628975	1.0625177540	-0.9096289755	-0.6333006777	1.3670197544
row-571	0.8629971203	-1.3875265209	-1.7025013747	0.4011517528	1.2652759511	-1.4899969128
row-572	-0.7065275125	-1.1696983370	-1.1069064235	-1.5211318048	0.2289258859	0.2998026219
row-573	-0.2654267307	-0.1605525476	0.4385383696	-1.1471810624	-0.0683919400	1.1462266105
row-574	-0.2708724873	-0.2350268703	-1.8842151968	-0.1193281759	-0.0109764632	-1.2511823271
row-575	1.2813123753	-0.8062658681	-0.2989123959	1.0949797972	1.1878446272	-0.9728824753
row-576	0.4760126884	-2.2863727219	-0.5801078030	-1.3731673634	1.4850473397	0.7727011156
row-577	-1.7697269406	1.0936634117	-0.6831514446	0.7969234577	-1.6640126167	-1.1211091571
row-578	0.9150989428	0.5105236212	1.4193210545	0.6514669304	0.2589432748	0.6062464795
row-579	-0.5668039438	1.4692212083	0.7846369447	1.0384913489	-1.1331536772	-0.2291104425
row-580	-0.9012240557	1.3311169726	0.1666451186	1.1876812629	-1.2634492117	-0.7904969383
row-581	-0.4495950388	-1.3363712164	-0.9060705758	-1.4785276995	0.4601755233	0.4571453610
row-582	-1.0169489987	-0.1923299839	-0.5803732844	-1.3875844576	-0.4691488561	0.4875315075
row-583	1.5041163144	-1.6509626430	-0.8750039775	0.8421650096	1.7770813782	-1.2054579884
row-584	-1.1865001501	0.9673799918	0.4643034309	-1.1842922223	-1.1929804042	1.0143483455
row-585	0.8746670297	0.0239802663	1.4485934393	-0.1641793117	0.4908493134	1.2467431684
row-586	-0.0873527365	0.2949924352	-0.6410127449	0.9215993962	-0.2269174796	-1.1063281539
row-587	-0.2275515157	-0.3309273059	-2.0252273162	-0.2374217627	0.0724745436	-1.2645345083
row-588	-1.0523799502	-0.9077156896	-1.3547669554	-1.5743366158	-0.1016056760	0.0974123814
row-589	0.3861428122	-1.0896792129	-2.2013217746	-0.2047635075	0.8452553675	-1.4014314896
row-590	-0.7576363374	0.0094557857	-1.9261317177	-0.1174999270	-0.4364469290	-1.3088290396
row-591	-0.6716076624	0.3706803995	0.4599541557	-1.1509116889	-0.5821076936	1.0856183825
row-592	0.0151665907	0.7079417088	0.0484455443	1.3083563714	-0.3906899377	-0.8940217295
row-593	-2.1179453007	0.7489125030	-1.3116287063	-1.6505442837	-1.5707398150	-0.0574914300
row-594	0.6526490253	0.5365601132	0.4483628444	1.4007902988	0.0868968847	-0.6601221113
row-595	-1.2820408895	1.0254083091	0.4097403517	-1.2092978253	-1.2774995904	0.9766014309
row-596	-1.2559229694	1.7065490859	0.5364357277	0.9493382051	-1.6686946121	-0.3868944753
row-597	1.5010174581	-1.5731844241	-0.7861821109	0.8660282513	1.7331096969	-1.1575243858
row-598	0.4488156360	0.1390783230	1.3686267276	-0.5926416856	0.1782262415	1.4771679422
row-599	0.2716872925	0.5266812521	1.5118357141	-0.4687391337	-0.1321626488	1.4625104066
row-600	0.2489129384	-0.0549565464	-0.8566507358	0.7932449501	0.1688605717	-1.1627394912
row-601	0.4785513092	-1.1329371381	-2.0814251674	-0.0688357082	0.9176563893	-1.4150943227
row-602	1.0950778996	0.2918651763	1.1460013181	0.8980350924	0.4853865200	0.2284138640
row-603	1.4694187194	-1.5188317058	-0.7858599711	0.8826533078	1.6849325398	-1.1702660169
row-604	0.1920742259	0.4853486325	-0.1109648318	1.2619664126	-0.1655815708	-0.9670621186
row-605	1.4397423547	-0.8282439341	0.9450647467	0.0837163510	1.2869529167	0.7188801262
row-606	-1.4872465512	-0.2949407400	-1.3992457056	-1.5751229895	-0.6692236142	-0.0281002226
row-607	-1.8797974477	0.6899599653	-0.9385750947	-1.5303426813	-1.4151050302	0.1611465395
row-608	0.1475886643	-0.8136830810	-2.2546994832	-0.3475239033	0.5618264952	-1.3374664780
row-609	1.5016663500	-1.7964794588	-1.0571492222	0.7919001606	1.8546352983	-1.3031238371
row-610	1.5306389050	-0.7627509972	0.4858482248	0.7897701156	1.3133664193	-0.1617273531
row-611	-0.4785670647	0.3712498333	-0.8621785770	0.7549165343	-0.4995334148	-1.1597973381
row-612	1.4438923342	-0.5128438543	0.6289475885	0.8460118514	1.1271270856	-0.1013860964
row-613	1.0267744956	-1.5429454544	0.5260711678	-0.9216601112	1.4122374761	1.2094916998
row-614	0.6702805071	-1.3214569576	-1.9652791156	0.1172507959	1.1251416916	-1.4691359114
row-615	-1.7527553327	0.9214572731	-0.4258749673	-1.4412206117	-1.4747127809	0.4725100122
row-616	-1.5291500412	1.4238509612	0.6417639533	-1.1453335045	-1.6376919371	1.0618491068
row-617	-1.5256432547	1.1846741961	-0.4395528773	0.9557493586	-1.5641257400	-1.0682878915
row-618	0.9198496408	-0.7933150951	-0.9090953174	0.9238635235	0.9667551349	-1.2978146535
row-619	-1.5031058333	1.2149762185	-0.3867460436	0.9767739525	-1.5663560619	-1.0465281928
row-620	-0.7646624410	0.9344250800	0.9417165832	-0.9773962256	-0.9414489621	1.2763818367
row-621	1.0159224847	-1.2131751363	0.7581236994	-0.7984299274	1.2311481183	1.2695474461
row-622	-0.7401418441	0.2898387383	-1.2588548532	0.4528316155	-0.6028874371	-1.2397740600
row-623	0.2773218407	1.1338557979	1.3523732713	0.8407530502	-0.4537726689	0.3821981168
row-624	0.9127980356	0.1319165783	0.2446534072	1.3392115375	0.4609701078	-0.7599282110
row-625	0.0518987965	-0.4528198180	0.5398634328	-1.1089044199	0.2674165940	1.2427925131
row-626	1.3659403383	-0.5792273380	0.2014010546	1.0727129044	1.1167767828	-0.5873881383
row-627	-0.7080354309	-1.2423959732	-1.1797976370	-1.5408175863	0.2673339441	0.2651934907
row-628	-0.3069347914	-0.8289261737	-0.2368389933	-1.3209122286	0.2669980349	0.8151113991
row-629	1.7381385165	-1.3982175426	0.4322549875	0.3154160401	1.7758619553	0.1680684054
row-630	-1.4453986167	1.4637236930	-0.0166867397	1.0539192746	-1.6604304907	-0.8452457104
row-631	0.4944417200	-0.0567221792	-0.5661345660	1.0455884222	0.3118971694	-1.1354533999
row-632	-0.5511407072	0.4753438019	-0.7462234230	0.8472771263	-0.6016534241	-1.1476270823
row-633	0.7505278088	-0.3741405978	1.1973745858	-0.6216867131	0.6283710344	1.4132538634
row-634	1.0131359212	0.1737861210	1.4374610826	0.2767211848	0.4956659116	0.9086809220
row-635	-0.1925738524	-1.7948879764	-0.9864727277	-1.5043054927	0.8486146661	0.4766864236
row-636	-0.1021494836	-0.3823946090	-1.9343631237	-0.1487023516	0.1714293506	-1.2594607771
row-637	-1.0098305278	0.2704655150	-1.5616571496	0.2356531241	-0.7458649140	-1.3168585282
row-638	-0.2072580636	0.3116957117	0.9400210382	-0.9650503803	-0.2897911758	1.3623620768
row-639	1.0143220696	-1.0469118215	-1.0562667298	0.8567198586	1.1608051305	-1.3558484286
row-640	1.0869169781	0.2852809748	0.9594971289	1.0816167328	0.4847824982	-0.0455223473
row-641	-1.1066306952	1.1398380353	-0.2353384756	1.0978959254	-1.2885680529	-1.0123001954
row-642	0.7540996557	-0.0982718257	1.3677843219	-0.4337019106	0.4838271308	1.3874325818
row-643	0.5078111752	-0.8480797187	-1.6399581272	0.2759763068	0.7690658331	-1.3507437555
row-644	1.8382878798	-1.7614540108	-0.1549449947	0.5856082292	2.0347747399	-0.4729663696
row-645	1.8361710339	-1.6736519398	0.2317570053	0.3077777545	1.9832078964	0.0274563882
row-646	-1.0472883308	0.3412147599	-1.4400434617	0.3428379704	-0.8111345023	-1.3087781808
row-647	-0.1555863916	-0.1453045839	0.5809261340	-1.1009667472	-0.0147402347	1.2280760247
row-648	0.7053569716	0.2317296643	0.0776029509	1.3468923547	0.2811833217	-0.8879232891
row-649	-1.2587955671	0.3534140934	-1.6118277063	0.2331101716	-0.9403901699	-1.3662342624
row-650	-0.7466483345	0.6935544165	0.7042476915	-1.0790516246	-0.7993116137	1.1865173244
row-651	1.2178041914	-0.7895990783	-0.4032677382	1.1001816980	1.1407446050	-1.0544630892
row-652	-0.2268943129	0.2320749004	-0.8797372079	0.7332188170	-0.2720153994	-1.1458671811
row-653	-1.7906804081	1.0810439414	-0.7109696919	0.7790104897	-1.6699544822	-1.1271804406
row-654	1.2637685640	-1.5760013477	-1.2438997183	0.7746885038	1.5951992078	-1.4314137534
row-655	0.4554250588	0.8834135694	0.7739974230	1.3565454492	-0.2154663612	-0.4001204029
row-656	0.0462541947	-0.2194524561	0.7379698262	-1.0377085871	0.1392249889	1.3221370582
row-657	-0.0054763360	-0.0860009909	0.7996007451	-1.0158686874	0.0383130058	1.3388748330
row-658	-1.5999440692	1.8875844544	0.8838771866	0.4107814732	-1.9689090995	0.2307177698
row-659	-0.8506170122	-1.1404017564	-1.2867490165	-1.5642409620	0.1342417450	0.1798077547
row-660	0.5463341617	0.9199361197	1.4882977766	0.6855229137	-0.1799280054	0.6113446170
row-661	0.4084346433	1.0432642627	1.1442091011	1.1226560816	-0.3273585862	0.0334465017
row-662	0.3331353254	-0.8733367177	-1.9931639028	-0.0704950513	0.6922491918	-1.3509230743
row-663	-1.6405039049	0.8506104686	-0.9881637742	0.6956451665	-1.4536288466	-1.2690088350
row-664	0.4068752722	-0.9150388217	-1.9154164130	0.0216861617	0.7547047422	-1.3624044522
row-665	0.2943876480	0.9142569403	1.6505705380	0.0765500710	-0.3269989490	1.1596863633
row-666	-1.3508936212	1.0883056990	-0.4645430367	0.9852917203	-1.4082278222	-1.1016949365
row-667	0.3442632677	-1.3616496542	0.0763157487	-1.2382130901	0.9187599161	1.0789771902
row-668	0.5530364828	-1.2922323095	0.3533700285	-1.1351832576	1.0015179350	1.2145844305
row-669	1.4283285923	-1.3824810769	0.7243614337	-0.3947293189	1.5716340985	0.9400131999
row-670	-1.4874325560	1.1602978639	-0.4517434750	0.9619394599	-1.5282010951	-1.0807575822
row-671	-1.3993073087	1.5088017988	0.0713796604	1.0691201584	-1.6554296435	-0.7955321274
row-672	1.5426531322	-1.5992456783	-0.7290016366	0.8549154863	1.7719345333	-1.1061198503
row-673	1.2018881388	-1.4753381281	-1.2358733371	0.7790999905	1.5042264212	-1.4292527636
row-674	-1.0761847407	0.8926733274	-0.5338540848	0.9850408612	-1.1408480968	-1.1321473238
row-675	0.4460566474	0.3402919769	-0.0721651947	1.2973720419	0.0656638533	-0.9612046013
row-676	0.4817610023	0.4091737794	0.0606804838	1.3451224747	0.0503482139	-0.9001198443
row-677	1.2836504204	-0.4479044442	0.1812526168	1.1428236039	0.9966923775	-0.6561090752
row-678	1.4491564762	-1.7169800219	-1.0656234037	0.8089525134	1.7804881191	-1.3228703590
row-679	0.6459106770	-1.2001564816	-1.8561289680	0.1835036952	1.0433124141	-1.4391293435
row-680	0.9630561516	0.4671038005	1.3583702841	0.7260285049	0.3113056676	0.5078866070
row-681	0.1556214915	-0.1132992838	0.9400100256	-0.9426018137	0.1445773348	1.4056794793
row-682	-0.2991487749	-0.7315892239	-0.1358993075	-1.2968475613	0.2191458355	0.8660828326
row-683	-0.1141104179	-0.8766423003	-0.0363181482	-1.2749660237	0.4005782228	0.9517514623
row-684	0.2744003132	0.2563007278	1.3330201201	-0.6719941461	0.0145270611	1.4899132302
row-685	-0.8098318486	0.9170111347	0.8713561110	-1.0131868912	-0.9569763163	1.2446416402
row-686	1.3982562367	-0.5711664625	0.3085997811	1.0273765109	1.1318347920	-0.4741447266
row-687	0.5992302675	-0.0204209544	-0.3911791104	1.1621900008	0.3537261157	-1.0935533870
row-688	1.5401172320	-1.6781925331	-0.8326526861	0.8337092977	1.8131639691	-1.1671318481
row-689	1.0508530105	-0.8354876774	-0.7509278799	1.0120311268	1.0663486065	-1.2464862073
row-690	-0.3901852812	-0.0552016231	0.3874232120	-1.1634840843	-0.1950493456	1.1002543816
row-691	1.2040378366	0.0107292270	1.2103582559	0.5837399595	0.6996249379	0.5171415646
row-692	-0.3664945770	0.3158111151	-0.8603099869	0.7514825202	-0.4020088560	-1.1507440379
row-693	-0.8275428025	-0.4281703978	-0.5508932517	-1.3821813273	-0.2375482708	0.5436700751
row-694	-0.5294595164	0.1249517504	-1.4010520149	0.3088650488	-0.3809584787	-1.2266776349
row-695	-0.0895273554	0.1026347690	-0.9747646503	0.6586670888	-0.1166290401	-1.1558696105
row-696	1.4807400272	-0.6416939989	0.8505530778	0.4909837216	1.2156514831	0.3336748142
row-697	-1.2095570011	0.3443983796	-1.5857702833	0.2469332083	-0.9064829945	-1.3544593284
row-698	-0.8824209730	1.6155582808	0.9306628006	0.6854864894	-1.3967583887	0.1047224655
row-699	1.4913814892	-1.2673204707	0.7625594893	-0.2076378941	1.5501810749	0.8189124883
row-700	1.3475891643	-0.6195023447	1.0717492770	0.0872381467	1.1195966919	0.8051979891
row-701	0.9417931657	-0.7632824665	1.0293270497	-0.6474139706	0.9484363265	1.3328069935
row-702	0.6280253213	0.8876886671	1.2499997417	1.0349856798	-0.1131552942	0.1847724963
row-703	-2.1141633850	0.7396822996	-1.3158345649	-1.6493338523	-1.5637663282	-0.0603533677
row-704	0.6371408884	0.8196819206	1.5170290686	0.6161429008	-0.0725082115	0.6890170293
row-705	1.2424717675	-0.8820390672	-0.4687906623	1.0723810227	1.2054216710	-1.0816376073
row-706	0.4438290930	0.1282967078	-0.3677360002	1.1558137286	0.1796505356	-1.0717026816
row-707	1.6808152562	-1.5967798675	0.5161303569	-0.0998923949	1.8425744697	0.5575426728
row-708	-1.7154913913	0.7598602103	-0.5726628352	-1.4489109230	-1.3661406077	0.3858334568
row-709	-0.3767654650	-1.6308180686	-1.0851022227	-1.5269753767	0.6587283309	0.3892218971
row-710	1.7479101201	-1.4348310908	0.4202157061	0.2947293611	1.8012171846	0.1755098259
row-711	-0.9974753589	0.3157436617	-0.0229602113	-1.2769703056	-0.7331467177	0.7850841948
row-712	0.0288746808	0.1993183234	-0.6865963902	0.8942944422	-0.1043740915	-1.1163073364
row-713	-0.7526047794	0.4449712539	0.4351855028	-1.1610766508	-0.6674550733	1.0603941697
row-714	-0.1950107846	-0.4116964586	-2.1416378855	-0.3330447763	0.1401596403	-1.2769261096
row-715	1.8659469984	-1.7493575489	0.1404602538	0.3458082855	2.0424088841	-0.0693661400
row-716	-0.9599689774	1.0216277808	0.8141176860	-1.0431072564	-1.0981423453	1.2002040158
row-717	-0.5101846661	-0.0655797672	0.2285448672	-1.2067589160	-0.2566002318	1.0019107001
row-718	0.5051065887	0.5781412022	1.6208829712	-0.1203938660	-0.0233589849	1.3045252134
row-719	0.1973515560	-0.1360553856	-1.0515221498	0.6308260537	0.1867059708	-1.1858972891
row-720	-1.0482755799	0.8028844489	0.4488796376	-1.1763214659	-1.0263323555	1.0236241196
row-721	1.1038378124	-0.6323952516	-0.4194924575	1.1332836915	0.9875572844	-1.0923144608
row-722	0.4105690961	-0.3882080037	-1.1473297695	0.6117432726	0.4518234752	-1.2405254214
row-723	-1.0924499643	-0.7671124170	-1.2736810453	-1.5501650976	-0.1995678363	0.1254179396
row-724	-0.9150898198	-1.0803828222	-1.3223046257	-1.5713456701	0.0666076533	0.1470925097
row-725	0.0148920381	0.5343804558	-0.1931904047	1.2097029075	-0.2984045789	-0.9925984379
row-726	-1.0811405666	-0.8508962447	-1.3409887554	-1.5692140916	-0.1480212491	0.0966108310
row-727	0.7748175228	-0.1193313203	1.3625145956	-0.4242318073	0.5073026452	1.3782865574
row-728	-2.0696458392	0.8541529187	-1.0789467124	-1.6090785484	-1.6037367919	0.0810105214
row-729	1.1186897023	0.2503834648	1.0897282219	0.9343521771	0.5220154588	0.1607373705
row-730	0.3936222090	0.2778161125	1.4265654035	-0.5476233314	0.0719564370	1.4768475115
row-731	0.7957658865	0.7133627125	1.3427164223	0.8814843432	0.0799965518	0.3730870876
row-732	0.4635460789	-2.3227148654	-0.6268233725	-1.3833778469	1.4972150461	0.7482299362
row-733	0.2852968381	-0.5586370762	0.6961955421	-1.0381476024	0.4568617604	1.3325147770
row-734	-0.3833254454	1.3559776708	1.4667678675	0.0964910015	-0.9617699097	0.9503864425
row-735	-0.2249257822	-0.3643287556	-2.0911980834	-0.2930488180	0.0947351002	-1.2711712800
row-736	0.8807691523	-0.7495866215	-0.9172421056	0.9123406386	0.9200820949	-1.2952777313
row-737	0.2799773530	-2.1456448042	-0.6903686781	-1.4194956239	1.2995531649	0.7017528944
row-738	-2.1056417875	0.8139068715	-1.2028115750	-1.6352420972	-1.6000671872	0.0078991684
row-739	-1.5393694714	1.2884913870	0.4171967486	-1.2389833778	-1.5650441405	0.9598098779
row-740	-0.4050009593	-1.5540575902	-1.0513479488	-1.5173628566	0.6018714539	0.3985648112
row-741	0.1328845038	0.0255148369	1.0336027815	-0.8970497607	0.0571863219	1.4318452611
row-742	-0.9894838167	0.8975541854	0.6334849358	-1.1162513229	-1.0458651903	1.1198096776
row-743	-0.2844143078	-0.2709522295	-1.9817035769	-0.2028845172	0.0042481701	-1.2608993511
row-744	1.1746195726	0.0120406444	1.2736275772	0.4716718412	0.6804110230	0.6478414416
row-745	0.8549140073	0.1892190477	0.2317256537	1.3531062972	0.3950559110	-0.7799316988
row-746	-0.7637384450	-0.9304961931	-0.9553966610	-1.4793993953	0.0684615869	0.3581715854
row-747	0.9988270030	-1.5732843768	0.4873785278	-0.9541208585	1.4116325253	1.2072398946
row-748	-0.3909409915	0.9249210837	0.0184204484	1.2585113981	-0.7484722758	-0.9020264698
row-749	-0.3668380560	-0.1324056167	-1.7880707831	-0.0363888581	-0.1281609150	-1.2467353302
row-750	0.8110238932	-0.0702093879	-0.1808453991	1.2609351868	0.5076751300	-1.0128936204
row-751	-1.2050931635	1.0855993494	0.5884788852	-1.1466425746	-1.2688293952	1.0719443137
row-752	0.9596991930	-1.0437879066	0.8491140009	-0.7730265178	1.1078364892	1.3082259558
row-753	0.3598433441	1.0477833156	1.5072203849	0.6099186205	-0.3591832237	0.6688856563
row-754	1.4499007801	-1.5268649879	-0.8357409765	0.8788123537	1.6777111142	-1.2046596524
row-755	0.8704480558	-1.7613266347	0.2526987742	-1.0963109929	1.4351856459	1.1523379955
row-756	-0.5136321917	1.1264330638	0.1925138625	1.2687342050	-0.9261476094	-0.7999454620
row-757	-0.6545362674	0.1513104932	0.2594891194	-1.2018351394	-0.4540308476	0.9905233099
row-758	0.7617444754	0.7431554897	1.3853994181	0.8301543376	0.0435227823	0.4407800716
row-759	0.4970142911	-0.1831973196	-0.7375837218	0.9340156701	0.3840945617	-1.1787239050
row-760	0.1380671763	-1.2605240333	-0.0738962389	-1.2845806374	0.7478464104	0.9799657854
row-761	-0.7068022407	0.9801005489	-0.1497462676	1.1744445846	-0.9663727770	-0.9793006448
row-762	1.7850981977	-1.4988241078	0.2692290466	0.4217790469	1.8595691588	-0.0341434457
row-763	0.5798821471	-2.3185259416	-0.4914826057	-1.3378352552	1.5612791645	0.8193336159
row-764	1.1820318341	-1.5093249169	0.6192622982	-0.7681701266	1.4877848880	1.1588046431
row-765	-0.9365169446	0.1332407555	-1.8143359585	0.0083813379	-0.6171688155	-1.3305276632
row-766	0.1147452077	0.3045788002	-0.4408545472	1.0742328424	-0.1131417259	-1.0683624933
row-767	-1.7884726576	1.1826059209	-0.1207408973	-1.4127926066	-1.6384711355	0.6570472419
row-768	1.0478187816	-0.1178709385	0.1370941632	1.2794178756	0.6768213341	-0.7931656220
row-769	1.6369835755	-1.1285528008	0.2042884813	0.7540003940	1.5739612749	-0.3392681504
row-770	1.0173800917	-0.6174925135	1.1412225968	-0.4709909146	0.9164562599	1.2778088645
row-771	0.2594743498	-0.9294297048	-2.2171718297	-0.2745453388	0.6872046491	-1.3625105713
row-772	-0.2703716016	-0.7367255433	-0.1039223600	-1.2895854160	0.2379991542	0.8876438878
row-773	-0.5625382824	-0.8949375297	-0.6400080879	-1.4093000500	0.1602999308	0.5597560673
row-774	1.5878321703	-1.3576148490	-0.3103430356	0.8756973011	1.6684383911	-0.8113192830
row-775	-0.9586597842	1.2381471375	1.0686216243	-0.8807639552	-1.2189548110	1.2707405182
row-776	-0.0785246255	1.3027453343	1.3606286632	0.6291537408	-0.7547966558	0.5170682251
row-777	-0.8812521863	0.0887290522	-1.8657321755	-0.0452974295	-0.5572548469	-1.3253102298
row-778	-1.2559096840	1.7474628282	0.7686813645	0.6874308897	-1.6888111684	-0.0366997918
row-779	-0.7975753423	0.9611169462	0.9337008259	-0.9816969710	-0.9745099129	1.2683370573
row-780	-0.1876797001	0.4453065852	1.0801918593	-0.8933708530	-0.3508777569	1.4093139181
row-781	0.8855050009	0.5828722591	1.0195911856	1.1735403708	0.2043568464	-0.0753596044
row-782	-1.4195135084	1.4961046285	0.0425420003	1.0634339480	-1.6612732911	-0.8112732484
row-783	-0.3626544294	0.7721984758	-0.1633148374	1.1987921571	-0.6514980925	-0.9820533548
row-784	-0.9416217053	-1.0486247653	-1.3300735711	-1.5723270032	0.0349634515	0.1367954604
row-785	1.2533673707	-0.4742248295	1.1743236013	0.0303940035	0.9846326292	0.9203491441
row-786	-0.8604846138	0.5809157623	-0.8268131202	0.8045664475	-0.8430385108	-1.1920938721
row-787	0.8014840604	0.3921916282	1.5613355784	0.1332022701	0.2519396367	1.0946153196
row-788	0.7440272835	-0.5077889277	-0.8260135976	0.9370964656	0.7075364699	-1.2464964092
row-789	-1.5442463336	1.3151710755	0.4506661313	-1.2283290504	-1.5829078537	0.9759930207
row-790	-0.4928365655	-0.5117273180	-0.1792752150	-1.3038210413	-0.0069886141	0.8037214998
row-791	1.0391494674	-0.7537813988	-0.6737494161	1.0470437007	1.0149275546	-1.2157758914
row-792	0.5584383900	0.9180172587	1.0731175531	1.1992506926	-0.1710236442	-0.0667501300
row-793	0.0820074993	-2.0587565557	-0.8643818804	-1.4701191452	1.1423899422	0.5878768035
row-794	0.1989209407	1.1558731653	1.4593858766	0.6298315988	-0.5122525425	0.6084732515
row-795	1.6852308434	-1.5919530983	0.5141905378	-0.0860593460	1.8428428231	0.5451015435
row-796	0.6601732519	-0.6507339361	-1.1301098017	0.7115744306	0.7397633480	-1.3020616396
row-797	0.2954144771	-1.0807492575	0.2640281873	-1.1870735575	0.7412442292	1.1572073780
row-798	1.1191952705	-1.9155003844	0.2941477473	-0.9686975693	1.6645504460	1.0955298588
row-799	0.3209832503	1.0949428414	1.4357216846	0.7281180658	-0.4072271567	0.5277823521
row-800	1.3111028948	-0.4426083195	0.2590289178	1.1168620085	1.0104174153	-0.5792423648
row-801	0.9889960089	0.4037868452	1.3770202271	0.6479697663	0.3603287354	0.5814022515
row-802	0.1443975458	0.1757981324	-0.6091224673	0.9621266826	-0.0234792455	-1.1076115682
row-803	-0.3811194964	1.3553954963	0.7112255115	1.1760971257	-0.9636655316	-0.3654792618
row-804	-0.6787873146	1.0457459354	1.1500618478	-0.8425934835	-0.9552021491	1.3428238493
row-805	-0.5562328174	0.1249385723	0.3572787863	-1.1746923907	-0.3849745858	1.0560168723
row-806	0.3344170541	-2.3165149610	-0.7767945944	-1.4301762186	1.4209844737	0.6638377236
row-807	-1.4733197655	1.4014647883	-0.1176653951	1.0369560263	-1.6453095191	-0.9029038762
row-808	1.3094294135	-0.5273963714	1.1225680267	0.0983591217	1.0473963437	0.8319855135
row-809	1.5571917529	-0.8132696516	0.5485993152	0.6962790554	1.3558263950	-0.0438100119
row-810	-0.5290090661	0.0034401658	0.2720965706	-1.1960688964	-0.3042831014	1.0196396107
row-811	0.3379932190	-0.6273238120	0.6914058044	-1.0350587130	0.5237028548	1.3348274618
row-812	0.3798981699	-0.7472005647	0.6334825134	-1.0539137567	0.6116903077	1.3162459502
row-813	1.3106553142	-1.6355119055	0.5670187277	-0.6866942267	1.6327270941	1.0617039747
row-814	-0.5229622654	-0.0841835673	-1.8752887435	-0.1023123135	-0.2451908665	-1.2694767899
row-815	-0.6423672988	1.5164831553	0.8518738292	0.9334594967	-1.2025600725	-0.1115427278
row-816	1.7571760322	-1.5497049839	0.4302787198	0.1509346130	1.8668103322	0.2960217210
row-817	-1.3992685040	0.5283440919	-1.3680873628	0.4434716660	-1.1277070661	-1.3497867153
row-818	-0.7569047432	-1.1194850924	-1.1302185603	-1.5252518062	0.1741976693	0.2763745254
row-819	0.5996166683	-0.7047638451	-1.2945385467	0.5713235730	0.7367642804	-1.3181505843
row-820	1.1636025895	-0.7875990235	1.0626799673	-0.3885159658	1.0949677473	1.1657552237
row-821	0.8542413199	-0.4956587580	-0.6512251609	1.0544866805	0.7650195537	-1.2052500853
row-822	0.3419999399	-1.8131317429	-0.3194895985	-1.3360502358	1.1577461495	0.8919015011
row-823	1.3221973720	-0.2320650109	0.6821706961	0.9916982781	0.9037605682	-0.1752730665
row-824	-0.0520138689	0.2275897337	-0.7188169838	0.8645880359	-0.1677536378	-1.1198956463
row-825	0.3280958746	0.9860509916	1.6148676767	0.3106926992	-0.3454188356	0.9644604770
row-826	-0.6342718859	1.4552995104	0.6427116080	1.1150136910	-1.1664797236	-0.3895876926
row-827	1.4954007875	-1.1389140988	-0.2483940893	0.9578363898	1.4953915126	-0.8291689998
row-828	0.4852436946	-0.3937725314	-1.0467795538	0.7110086828	0.4965719386	-1.2403644596
row-829	0.5553394980	-0.0458160449	-0.4782117784	1.1086204931	0.3416814708	-1.1176557773
row-830	0.9208196648	-1.5203356622	0.4781500998	-0.9933187597	1.3372966698	1.2263522724
row-831	-1.1806512308	-0.1328308602	-0.7564351045	-1.4256327553	-0.5910471880	0.3620256910
row-832	-0.0840074071	1.3068196287	1.3495973472	0.6438883122	-0.7602139484	0.4980126807
row-833	-1.6924883427	1.1381483168	-0.5845398974	0.8585686502	-1.6408465441	-1.0981044597
row-834	-0.0262707833	-0.1462740834	0.7242655210	-1.0463087863	0.0588655540	1.3069999405
row-835	-0.0273881861	-0.3098299723	0.5779415877	-1.0985610572	0.1459295452	1.2470048597
row-836	-0.6681186462	0.7781391934	0.8850904194	-1.0038520111	-0.8017561802	1.2719774320
row-837	0.1954931379	-2.1167667035	-0.7706643474	-1.4430312089	1.2367556015	0.6511566112
row-838	1.0493489818	-0.5399798284	-0.4003093570	1.1524323171	0.9049489827	-1.0928667953
row-839	0.4913164892	-1.1761170396	0.3887501180	-1.1312236826	0.9041993153	1.2268781303
row-840	-1.0460356850	1.5825497332	1.2574242714	-0.2245681479	-1.4696553470	0.9623632935
row-841	0.8003109646	-0.6604368379	1.0310959106	-0.7320135443	0.8098995254	1.3884391140
row-842	1.6206338871	-0.9998009896	0.4574265969	0.6385652666	1.4939185435	-0.0653229671
row-843	1.2703134249	-1.6967858397	0.5160070881	-0.7570064295	1.6404540932	1.0819601266
row-844	0.6579583636	0.6399225459	0.6250272825	1.3870340724	0.0356290599	-0.5230090451
row-845	-0.7665268199	0.8646401125	0.8642354677	-1.0156239766	-0.9040541128	1.2487748836
row-846	0.2291779228	0.4002630194	1.4029731596	-0.6130304739	-0.0887996803	1.4883868697
row-847	1.1480562244	-0.6830762730	-0.4026313451	1.1256698899	1.0414311567	-1.0738159196
row-848	-0.7120861569	-1.2873572430	-1.2294151028	-1.5543739164	0.2893908051	0.2410814880
row-849	1.0611363431	-2.0112672332	0.1859720758	-1.0364785972	1.6803429178	1.0743595407
row-850	1.1094308035	-2.0394626797	0.1916775299	-1.0084354624	1.7241341383	1.0583077518
row-851	0.0993495410	-0.5843885157	0.4771981296	-1.1280824156	0.3647207449	1.2231372851
row-852	-0.9728255588	1.5461947230	0.4634857000	1.0885116751	-1.4160197696	-0.5215355572
row-853	0.7599916779	0.3202509132	0.2760359583	1.3766705996	0.2672435853	-0.7656842433
row-854	0.3458195548	-0.2582774383	-1.0460549180	0.6700881756	0.3409134161	-1.2098027118
row-855	-0.3404520901	1.2384485319	0.5165600061	1.2748792666	-0.8794793281	-0.5689758463
row-856	-0.7942711451	0.3022675731	-1.2843642045	0.4380246083	-0.6416190196	-1.2504950548
row-857	-0.2012515139	0.8426960723	1.4019566001	-0.6355575400	-0.5743222414	1.4442542082
row-858	1.5446943530	-1.5422963773	-0.6530903306	0.8683686073	1.7423582881	-1.0599405059
row-859	1.5668169431	-1.3765867983	-0.3883990245	0.8884470170	1.6661193117	-0.8789116525
row-860	1.6985173960	-1.3018085893	0.5165077881	0.2951941049	1.6998390963	0.2452215920
row-861	0.4463961639	-1.9983564815	-0.3608532195	-1.3353798174	1.3154863549	0.8814645516
row-862	-1.1554932354	1.1769623547	0.7683004027	-1.0693797187	-1.2928250353	1.1545351418
row-863	1.5305543566	-1.6349350940	-0.7995347513	0.8466645580	1.7840663678	-1.1524265297
row-864	-0.3423798102	0.1799563333	0.6678309959	-1.0768946795	-0.2948534636	1.2350168808
row-865	-0.9008889225	0.2896966537	0.0798931410	-1.2512207688	-0.6656424570	0.8556310908
row-866	1.3808709595	-0.7891141643	-0.0577985045	1.0618956005	1.2385040037	-0.7692044584
row-867	-0.3968295585	1.1052425975	0.2591064827	1.2929361067	-0.8451314144	-0.7629452316
row-868	0.2323378693	0.6591724962	0.1684717913	1.3602988479	-0.2337268842	-0.8392502441
row-869	1.8709881031	-1.7735730571	0.1565454731	0.3055106205	2.0580024129	-0.0260174202
row-870	0.5182520324	0.6558896735	1.6391187820	0.0074308703	-0.0570169978	1.2229282462
row-871	1.3273496274	-0.2033600376	0.8129352257	0.9003166728	0.8909734339	-0.0104630635
row-872	-0.7360609775	1.3593810282	1.3696610351	-0.4642524903	-1.1644332741	1.2344616499
row-873	0.3832877131	-0.0301632853	-0.6600596473	0.9626351528	0.2321790248	-1.1431123479
row-874	-0.6404316133	-1.1321143690	-0.9766120792	-1.4896155994	0.2449822760	0.3778577901
row-875	1.6119853039	-1.0449348585	0.6643074460	0.3485203528	1.5100798679	0.3105732585
row-876	0.6298139771	-0.7545315822	0.8489057976	-0.9108068653	0.7599977843	1.3847410653
row-877	-0.5049239371	0.0719728278	-1.4919056519	0.2282884880	-0.3340367116	-1.2324764898
row-878	-0.8876564935	0.6247939561	0.4556693772	-1.1629890863	-0.8401737648	1.0494913709
row-879	0.3025135568	0.7137752218	0.3133053840	1.3911902136	-0.2198593009	-0.7571866379
row-880	1.1901764018	-1.5623775067	0.5852140898	-0.7826606862	1.5207606230	1.1473215283
row-881	1.2990991096	-0.5938943981	0.0144593426	1.1269822623	1.0843667366	-0.7662906593
row-882	0.6485922095	0.4517974279	1.5958033844	-0.0578674184	0.1288522924	1.2524318348
row-883	0.3797247121	0.0191038860	1.2378757776	-0.7278490722	0.2023310536	1.4802184507
row-884	1.3534382716	-1.1666764372	0.8504353869	-0.3666004811	1.4115055251	1.0051957093
row-885	1.7288743702	-1.3244167768	0.3234725897	0.5109983952	1.7326888788	-0.0639185285
row-886	-1.1523526215	0.7536389103	0.2536394911	-1.2329520797	-1.0567135089	0.9097092282
row-887	0.2104729315	-0.1562383828	-1.0675536923	0.6207258193	0.2058707847	-1.1900193561
row-888	1.1277590799	-0.3524867643	-0.0245748266	1.2217992854	0.8511598489	-0.8679463394
row-889	-1.6942652221	0.0631914773	-1.3523359971	-1.5703573679	-0.9748355864	-0.0464576420
row-890	-0.9153081729	1.6077292422	0.7320570613	0.9056443100	-1.4127408100	-0.1974244996
row-891	0.5179454938	-0.8188480025	0.7050289680	-1.0050580555	0.7293542093	1.3460965896
row-892	1.4244035900	-1.2164717730	-0.5094915630	0.9711751364	1.4947080226	-1.0330213826
row-893	0.6937841803	0.3791246751	0.2691287481	1.3843833646	0.1954822711	-0.7768191634
row-894	-0.5025631041	1.3249729900	1.4715836828	-0.2211873414	-1.0127447342	1.1654368309
row-895	-0.3178252996	0.7992925070	-0.0923810301	1.2303990994	-0.6389326396	-0.9531045494
row-896	1.5200231373	-0.9623702450	0.0663713953	0.9318000618	1.4151087449	-0.5775340740
row-897	1.5220939027	-1.7104765145	0.5256324791	-0.4540981328	1.8027566470	0.8485235527
row-898	-0.6934037627	0.5937299207	-0.6727397458	0.9051000005	-0.7517788413	-1.1455962522
row-899	1.2796345241	-1.2732025303	0.7926413554	-0.5377805387	1.4223980229	1.0987091146
row-900	0.4083269189	-0.9801715932	-2.0046982069	-0.0454416540	0.7931966657	-1.3772697534
row-901	1.4798914904	-1.3586179477	-0.5661057822	0.9260150652	1.6045466779	-1.0399876341
row-902	-0.7245587553	-0.0108466063	-1.9386282925	-0.1332548057	-0.4047785615	-1.3043679358
row-903	-0.9933767799	-0.9518296585	-1.3106499672	-1.5644746156	-0.0456233716	0.1327618272
row-904	0.4399782796	0.0315840318	-0.5068961722	1.0731710406	0.2308169085	-1.1124503018
row-905	-0.8522393612	0.6764356874	0.5565910714	-1.1323641039	-0.8486734553	1.1034529708
row-906	-1.7539478203	1.1164622944	-0.6420643040	0.8166808367	-1.6666848753	-1.1064780958
row-907	1.4488510014	-0.5970044966	0.9246989044	0.4240668042	1.1717826918	0.4388436992
row-908	0.7320088828	0.7844102617	1.1796036659	1.0940181295	0.0043550140	0.0945240338
row-909	0.5426052872	-1.0039329324	-1.7882365013	0.1815138516	0.8768700426	-1.3883222762
row-910	1.2418108075	-1.8664347210	0.3854145474	-0.8487479859	1.7126978855	1.0656515395
row-911	1.4028448181	-1.5538730607	-0.9616921563	0.8595748723	1.6645443739	-1.2843068523
row-912	0.0377429012	-0.4160033906	-1.7730016050	0.0090019231	0.2664346321	-1.2549332139
row-913	1.2555379680	-1.9393113070	0.3361475668	-0.8599240522	1.7595042766	1.0416186599
row-914	-0.8160702481	0.7920517678	-0.4790422140	1.0242397590	-0.9324375444	-1.1044206870
row-915	0.4491483470	0.1677606103	1.3877455421	-0.5725001425	0.1630890988	1.4752692211
row-916	0.6937541416	0.6624553259	0.7252219137	1.3615337860	0.0456271888	-0.4315101228
row-917	-1.3412494325	1.0770695610	0.3963958986	-1.2197767821	-1.3385734978	0.9641012815
row-918	0.0786486281	-1.6519282599	-0.4978382695	-1.3870889876	0.9232986564	0.7659252705
row-919	-1.7247569853	1.1879097758	-0.0106678423	-1.3777927386	-1.6075913224	0.7210570518
row-920	-1.5709145958	-0.1719573038	-1.4039563924	-1.5772461135	-0.7809636964	-0.0484352435
row-921	1.4948512966	-1.1140410599	-0.2165516163	0.9604179830	1.4816734858	-0.8076676972
row-922	0.9407782839	0.2509020859	1.4879277440	0.2217151935	0.4108650113	0.9831906464
row-923	1.3164735018	-1.7449703326	-1.3456092649	0.7252151763	1.7182738201	-1.4692977645
row-924	0.3647567802	0.0733508878	-0.5314560793	1.0455217093	0.1633163403	-1.1102247152
row-925	-0.5168119643	0.5519658194	0.8275451201	-1.0239752326	-0.5938943134	1.2735414217
row-926	0.4393228772	-2.2975697650	-0.6329241617	-1.3885631699	1.4701613987	0.7441042162
row-927	0.6457325867	-1.1492896447	-1.7915458541	0.2303595521	1.0142716375	-1.4270504558
row-928	0.0384262448	-0.6870681850	-2.2512622029	-0.3796583629	0.4302632069	-1.3137873034
row-929	-1.5191033385	0.7321989459	-1.0950955375	0.6408857924	-1.3156125639	-1.3021018209
row-930	0.7023076319	-0.8464287889	0.8340445114	-0.8975534997	0.8511778437	1.3723736212
row-931	-0.6540162279	0.7725813763	0.8952951120	-0.9988543449	-0.7908415371	1.2779574237
row-932	-0.7514829716	-1.2623054151	-1.2619192837	-1.5617521500	0.2543016531	0.2161932142
row-933	-0.4763383395	-1.5383203545	-1.1361438297	-1.5378105983	0.5541130905	0.3419922380
row-934	0.4359793336	1.0027934800	1.4933581983	0.6602538395	-0.2898624782	0.6268356718
row-935	1.3191924001	-1.0432521280	-0.5146046553	1.0264728746	1.3383491169	-1.0799674976
row-936	1.1735168613	-0.5457229711	-0.1849989501	1.1712469472	0.9826883325	-0.9475052214
row-937	1.0631041679	-1.3339920986	0.6950393209	-0.8076879137	1.3233748395	1.2364572394
row-938	1.6263422761	-1.3034603263	-0.1280955955	0.8359102322	1.6622059356	-0.6462279602
row-939	-1.7791775984	1.0710636860	-0.7218491224	0.7799478103	-1.6575412132	-1.1364091179
row-940	-0.2503731318	0.5658627836	1.1251750906	-0.8693123211	-0.4515771205	1.4124791303
row-941	-0.8380783198	-1.1615540477	-1.2892165903	-1.5655188536	0.1525255091	0.1818232897
row-942	-0.6357654512	-1.3561929025	-1.1867448343	-1.5457640706	0.3683682591	0.2797945083
row-943	1.6932841332	-1.5453383493	0.5210312244	-0.0247889971	1.8235192549	0.5012033620
row-944	1.5980583932	-0.9338500939	0.5959646350	0.5466305715	1.4439851107	0.1066632527
row-945	-1.1300874630	-0.6433252576	-1.2051720528	-1.5306267962	-0.2870955508	0.1488864944
row-946	0.4490001461	-0.1034630499	1.1990800024	-0.7399424903	0.3079254595	1.4715854159
row-947	1.4259509306	-1.3444884619	0.7450727368	-0.3735808635	1.5501284861	0.9377299808
row-948	0.4966818925	-2.2603434464	-0.5333577629	-1.3614084542	1.4830178308	0.7973331254
row-949	-0.2614115551	0.6303347914	1.1718070425	-0.8397810372	-0.4927953599	1.4215692458
row-950	1.3439545990	-0.3071175186	0.6058430470	1.0008456498	0.9572127349	-0.2375625983
row-951	1.0485217268	0.3277109889	0.9037196818	1.1488923659	0.4390710685	-0.1372842141
row-952	0.4431846612	0.5328649300	1.5902092956	-0.2603883900	-0.0355888985	1.3815946054
row-953	-1.9935946123	0.5231429748	-1.3512062165	-1.6136928992	-1.3833607307	-0.0824361043
row-954	0.1807042877	0.7376726542	0.2329399247	1.3692514061	-0.3062818809	-0.8020957606
row-955	-0.1503684797	-1.8560100439	-0.9863908644	-1.5043194557	0.9047676722	0.4855540574
row-956	-0.4822213762	-1.5360646093	-1.1422639973	-1.5392766754	0.5496624398	0.3377347402
row-957	-0.1155104284	0.8409846136	1.4649173345	-0.5576315272	-0.5245627985	1.4443364853
row-958	-0.9076384937	0.9490168186	-0.3375976165	1.0864605982	-1.0701478769	-1.0588468071
row-959	1.0094451989	0.3556201256	0.8302034218	1.2133380307	0.4006103878	-0.2395890400
row-960	-1.1685851527	1.0126636300	-0.4409309437	1.0193336709	-1.2593752838	-1.0994768063
row-961	0.0045156446	-0.1501113772	0.7540431710	-1.0334972407	0.0783708066	1.3228427043
row-962	0.3316724251	-1.5244709231	-0.0789526308	-1.2795510018	0.9982822628	1.0056363106
row-963	0.5727466178	0.2296676054	-0.0864280706	1.2980617352	0.2018531583	-0.9714107551
row-964	-0.2498116280	-0.4468394175	0.1912320962	-1.2154666820	0.0940608692	1.0337865087
row-965	0.6633413921	0.0795515312	1.4363927897	-0.4058345913	0.3355883531	1.4056992817
row-966	0.0315340164	-0.5811742949	0.4035965732	-1.1532270824	0.3245762323	1.1810001076
row-967	-0.3112531323	1.4099615280	1.1859001156	0.7357998857	-0.9495988345	0.2960995192
row-968	0.1037795802	1.0414405190	1.6303474589	0.0248211938	-0.5070403411	1.1652216478
row-969	-0.1357887580	1.1746967740	0.6120745817	1.3018220383	-0.7237430531	-0.5069921599
row-970	0.0719061467	0.3658268270	1.2550644079	-0.7640686928	-0.1604809464	1.4757203816
row-971	0.6211847170	-1.1876611605	0.5021329266	-1.0703988071	0.9853454327	1.2727228533
row-972	1.3652337602	-0.3670507661	1.0319716556	0.4950117233	0.9985915868	0.4601522789
row-973	-0.1282509879	1.3323915193	1.1145625895	0.9426024358	-0.8001765046	0.1089790665
row-974	0.3962507407	1.0572935740	1.1840264797	1.0815124888	-0.3420657930	0.0915652562
row-975	1.2183043020	-0.5518453423	1.1644959208	-0.1134408479	1.0039190768	1.0243756045
row-976	0.5901671423	0.9183623651	1.3426986838	0.9223044495	-0.1523585759	0.3332332458
row-977	-0.4338036479	-1.1873017794	-0.7428369429	-1.4383769317	0.3887776142	0.5394589810
row-978	-0.1429620863	-0.4089607644	-2.0522741589	-0.2524699820	0.1660952708	-1.2697005138
row-979	0.7880298401	0.6524036785	0.9031034900	1.2763146138	0.1083925074	-0.2382801564
row-980	-2.1272253624	1.4148184054	-0.3579296498	-1.5877261547	-1.9444802040	0.5604558179
row-981	1.2413970672	-0.2779418209	0.3274447756	1.1685763810	0.8800246173	-0.5690216324
row-982	-0.5477053845	1.3926349391	0.5971627149	1.1760884934	-1.0826073167	-0.4584430750
row-983	0.3150750179	-0.0941782817	-0.8367605642	0.8215693411	0.2291893759	-1.1686425091
row-984	0.2658349411	0.2293343201	1.3070460165	-0.6961783574	0.0240552421	1.4888784816
row-985	0.4608156680	-0.5875398475	-1.3568385087	0.4700994560	0.5940687457	-1.2885600830
row-986	0.3238243583	0.1009459018	-0.5358165405	1.0363706054	0.1238476679	-1.1068788037
row-987	0.5245987596	0.0763330374	1.3714317996	-0.5613142750	0.2558870977	1.4642252642
row-988	-0.6993127284	-1.3073014335	-1.2304330532	-1.5552126082	0.3071543581	0.2437849164
row-989	-0.0787407477	-0.0653641794	-1.2778607519	0.4062895336	-0.0099022113	-1.1907901788
row-990	-0.6927314918	0.3020831346	-1.1888098480	0.5060559624	-0.5829564221	-1.2252519032
row-991	-1.2328749059	-0.6144034427	-1.3319355253	-1.5612278005	-0.3585456645	0.0634720061
row-992	-0.5970385236	0.6946012287	0.8796867408	-1.0044768181	-0.7164059228	1.2811340870
row-993	1.2010819330	0.0204914226	0.7454044761	1.0978595434	0.6955973381	-0.2113756758
row-994	0.8376476914	0.5545690501	1.5061544392	0.5032678658	0.1883376255	0.7769949546
row-995	-1.5825457109	1.0651582892	-0.6350008355	0.8742243095	-1.5352825554	-1.1467347199
row-996	0.6633589497	0.6652188796	0.6786644472	1.3765516368	0.0256115348	-0.4766825406
row-997	-0.8959710094	1.4731997862	0.3959031224	1.1440348231	-1.3326621391	-0.6024514583
row-998	0.6155018607	0.2248050471	1.4978084044	-0.3424067882	0.2300365118	1.3958456810
row-999	1.0362548209	-1.3164097521	0.6951405843	-0.8248291825	1.2979812007	1.2485227133
row-1000	-1.4704135120	1.1395104847	0.3007251407	-1.2622286503	-1.4436922020	0.9038982239
